# step L_total L_int L_bdry L_orth L_gradation
1 1.58243239e+00 1.58243239e+00 0.00000000e+00 0.00000000e+00 0.00000000e+00
2 1.52771223e+00 1.52755225e+00 1.47640254e-04 1.24510607e-05 0.00000000e+00
3 1.34336483e+00 1.34162474e+00 1.58147956e-03 1.58641255e-04 0.00000000e+00
4 1.09536743e+00 1.08733404e+00 6.95713190e-03 1.07624801e-03 0.00000000e+00
5 9.52199757e-01 9.26096082e-01 2.05898881e-02 5.51380869e-03 0.00000000e+00
6 1.06798375e+00 1.00144613e+00 3.35614234e-02 3.29761729e-02 0.00000000e+00
7 1.08134282e+00 9.93300796e-01 3.66745070e-02 5.13675697e-02 0.00000000e+00
8 9.99229193e-01 9.46770549e-01 3.25306356e-02 1.99279673e-02 0.00000000e+00
9 9.24819291e-01 8.93944144e-01 2.24933531e-02 8.38181190e-03 0.00000000e+00
10 9.48427439e-01 9.28600192e-01 1.61670819e-02 3.66011355e-03 0.00000000e+00
11 9.83808041e-01 9.68507826e-01 1.26801813e-02 2.62003322e-03 0.00000000e+00
12 9.68055487e-01 9.52871561e-01 1.25397081e-02 2.64426135e-03 0.00000000e+00
13 9.19708431e-01 9.00840044e-01 1.58218108e-02 3.04655009e-03 0.00000000e+00
14 8.98326457e-01 8.75220299e-01 1.93453934e-02 3.76076950e-03 0.00000000e+00
15 9.04352844e-01 8.73898268e-01 2.59924792e-02 4.46210708e-03 0.00000000e+00
16 9.33312178e-01 8.93554628e-01 3.43697928e-02 5.38775418e-03 0.00000000e+00
17 9.25071776e-01 8.82083058e-01 3.75824980e-02 5.40621113e-03 0.00000000e+00
18 8.95751834e-01 8.49623680e-01 4.06230092e-02 5.50515531e-03 0.00000000e+00
19 8.70957315e-01 8.25706959e-01 4.02774476e-02 4.97292541e-03 0.00000000e+00
20 8.43475640e-01 8.03688288e-01 3.45745794e-02 5.21276705e-03 0.00000000e+00
21 8.53562474e-01 8.13213587e-01 3.46262604e-02 5.72263310e-03 0.00000000e+00
22 8.48178566e-01 8.08775246e-01 3.31384130e-02 6.26491010e-03 0.00000000e+00
23 8.31408501e-01 7.83964276e-01 4.03037518e-02 7.14044413e-03 0.00000000e+00
24 8.11145067e-01 7.55004525e-01 4.82893437e-02 7.85119087e-03 0.00000000e+00
25 7.80131102e-01 7.15079486e-01 5.59332371e-02 9.11839213e-03 0.00000000e+00
26 7.59600401e-01 6.67713046e-01 8.04416537e-02 1.14457021e-02 0.00000000e+00
27 7.19011188e-01 6.34260118e-01 7.13440776e-02 1.34069752e-02 0.00000000e+00
28 6.85256422e-01 6.02265120e-01 6.80414587e-02 1.49498684e-02 0.00000000e+00
29 6.52624369e-01 5.82266510e-01 5.54880649e-02 1.48698138e-02 0.00000000e+00
30 6.45497799e-01 5.95339775e-01 3.87188718e-02 1.14391185e-02 0.00000000e+00
31 6.25951111e-01 5.83690882e-01 3.31098735e-02 9.15033929e-03 0.00000000e+00
32 6.25079513e-01 5.75289905e-01 4.05326523e-02 9.25693940e-03 0.00000000e+00
33 6.40581965e-01 5.88333488e-01 4.30126116e-02 9.23585147e-03 0.00000000e+00
34 6.42300308e-01 5.88767827e-01 4.45727110e-02 8.95977300e-03 0.00000000e+00
35 6.12577617e-01 5.71854770e-01 3.32377106e-02 7.48517644e-03 0.00000000e+00
36 6.11162186e-01 5.77652037e-01 2.85249185e-02 4.98523749e-03 0.00000000e+00
37 5.76795876e-01 5.44489026e-01 2.79552452e-02 4.35158936e-03 0.00000000e+00
38 5.61761498e-01 5.26430368e-01 2.99149249e-02 5.41623868e-03 0.00000000e+00
39 5.41505218e-01 5.04713774e-01 3.11697721e-02 5.62166842e-03 0.00000000e+00
40 5.45463502e-01 5.05894303e-01 3.33211385e-02 6.24804106e-03 0.00000000e+00
41 5.37281930e-01 4.98573571e-01 3.12512778e-02 7.45705469e-03 0.00000000e+00
42 5.34374177e-01 4.96948272e-01 2.95905415e-02 7.83539750e-03 0.00000000e+00
43 5.17658472e-01 4.81253803e-01 2.95552686e-02 6.84943004e-03 0.00000000e+00
44 5.10855734e-01 4.77830291e-01 2.64183786e-02 6.60707382e-03 0.00000000e+00
45 5.13424158e-01 4.77512568e-01 2.84723248e-02 7.43923662e-03 0.00000000e+00
46 5.12281716e-01 4.79820848e-01 2.52084956e-02 7.25241937e-03 0.00000000e+00
47 5.07959008e-01 4.78322804e-01 2.33196039e-02 6.31657848e-03 0.00000000e+00
48 5.03708720e-01 4.72011209e-01 2.52845585e-02 6.41293358e-03 0.00000000e+00
49 4.94164675e-01 4.59816039e-01 2.64534615e-02 7.89518468e-03 0.00000000e+00
50 4.93776441e-01 4.49676782e-01 3.40001844e-02 1.00994678e-02 0.00000000e+00
51 4.84741092e-01 4.39573020e-01 3.39309946e-02 1.12370756e-02 0.00000000e+00
52 4.91849661e-01 4.47456747e-01 3.37211750e-02 1.06717441e-02 0.00000000e+00
53 4.79040861e-01 4.43675727e-01 2.83940677e-02 6.97106589e-03 0.00000000e+00
54 4.84853625e-01 4.47939932e-01 3.11659798e-02 5.74770663e-03 0.00000000e+00
55 4.79014546e-01 4.38477218e-01 3.43718715e-02 6.16544578e-03 0.00000000e+00
56 4.80498016e-01 4.40604329e-01 3.40486579e-02 5.84504055e-03 0.00000000e+00
57 4.60033864e-01 4.24407125e-01 2.93999109e-02 6.22683531e-03 0.00000000e+00
58 4.67055947e-01 4.30778950e-01 2.83397250e-02 7.93729350e-03 0.00000000e+00
59 4.59458590e-01 4.19518292e-01 3.01928706e-02 9.74743068e-03 0.00000000e+00
60 4.55622643e-01 4.15989161e-01 2.97912322e-02 9.84223839e-03 0.00000000e+00
61 4.57128406e-01 4.16038692e-01 3.25958133e-02 8.49389192e-03 0.00000000e+00
62 4.56102014e-01 4.16159898e-01 3.27091850e-02 7.23294634e-03 0.00000000e+00
63 4.49015290e-01 4.14281905e-01 2.85523776e-02 6.18100353e-03 0.00000000e+00
64 4.45678055e-01 4.11192477e-01 2.86638495e-02 5.82173839e-03 0.00000000e+00
65 4.46731508e-01 4.09567416e-01 3.05702593e-02 6.59381831e-03 0.00000000e+00
66 4.47843850e-01 4.06812161e-01 3.42614502e-02 6.77026389e-03 0.00000000e+00
67 4.44211543e-01 4.05238718e-01 3.30626033e-02 5.91021497e-03 0.00000000e+00
68 4.46544558e-01 4.09093887e-01 3.24167497e-02 5.03391214e-03 0.00000000e+00
69 4.30402994e-01 3.93704891e-01 3.21793891e-02 4.51871706e-03 0.00000000e+00
70 4.30250943e-01 3.94465327e-01 3.16866525e-02 4.09894204e-03 0.00000000e+00
71 4.32833016e-01 3.99725705e-01 2.85813306e-02 4.52598929e-03 0.00000000e+00
72 4.32838738e-01 3.99888963e-01 2.84435637e-02 4.50620241e-03 0.00000000e+00
73 4.36155170e-01 4.02079254e-01 3.03215943e-02 3.75431357e-03 0.00000000e+00
74 4.29828078e-01 4.00814474e-01 2.59926561e-02 3.02095269e-03 0.00000000e+00
75 4.29627985e-01 3.98059040e-01 2.81995293e-02 3.36943264e-03 0.00000000e+00
76 4.37442541e-01 4.01933551e-01 3.12999375e-02 4.20904486e-03 0.00000000e+00
77 4.26127493e-01 3.91468495e-01 3.07605658e-02 3.89844179e-03 0.00000000e+00
78 4.22032744e-01 3.89597028e-01 2.88453680e-02 3.59035097e-03 0.00000000e+00
79 4.20758188e-01 3.84251535e-01 3.23874392e-02 4.11922112e-03 0.00000000e+00
80 4.14913893e-01 3.83874804e-01 2.75943615e-02 3.44471633e-03 0.00000000e+00
81 4.18458760e-01 3.85663271e-01 2.93492544e-02 3.44623276e-03 0.00000000e+00
82 4.18626338e-01 3.84947181e-01 3.00530083e-02 3.62614891e-03 0.00000000e+00
83 4.09026951e-01 3.75639737e-01 2.95643359e-02 3.82290082e-03 0.00000000e+00
84 4.25381988e-01 3.86064947e-01 3.42410281e-02 5.07602608e-03 0.00000000e+00
85 4.21153009e-01 3.82876009e-01 3.38491872e-02 4.42781439e-03 0.00000000e+00
86 4.17554528e-01 3.80712181e-01 3.33880708e-02 3.45425797e-03 0.00000000e+00
87 4.10029918e-01 3.78067553e-01 2.87118889e-02 3.25046619e-03 0.00000000e+00
88 4.08555537e-01 3.73874068e-01 3.13864984e-02 3.29498923e-03 0.00000000e+00
89 4.08186853e-01 3.73197794e-01 3.07164341e-02 4.27264534e-03 0.00000000e+00
90 4.08840895e-01 3.73535454e-01 3.13334912e-02 3.97193059e-03 0.00000000e+00
91 3.96972507e-01 3.66014481e-01 2.82181203e-02 2.73992098e-03 0.00000000e+00
92 4.02075946e-01 3.68437529e-01 3.13674733e-02 2.27092649e-03 0.00000000e+00
93 4.07526910e-01 3.75385106e-01 2.94698607e-02 2.67195748e-03 0.00000000e+00
94 4.24150258e-01 3.91405910e-01 2.96112001e-02 3.13315121e-03 0.00000000e+00
95 4.06853497e-01 3.75590980e-01 2.84085348e-02 2.85398006e-03 0.00000000e+00
96 4.05635774e-01 3.74916852e-01 2.88103409e-02 1.90857833e-03 0.00000000e+00
97 4.00224417e-01 3.72018903e-01 2.63908897e-02 1.81464374e-03 0.00000000e+00
98 3.99121761e-01 3.67022961e-01 2.97106989e-02 2.38808501e-03 0.00000000e+00
99 3.93916458e-01 3.61022651e-01 3.02855708e-02 2.60824338e-03 0.00000000e+00
100 3.92832547e-01 3.60848427e-01 2.94007659e-02 2.58335774e-03 0.00000000e+00
101 3.99248093e-01 3.64424229e-01 3.21437679e-02 2.68010562e-03 0.00000000e+00
102 4.01093870e-01 3.72409374e-01 2.66821329e-02 2.00234773e-03 0.00000000e+00
103 4.08523321e-01 3.76435250e-01 2.99963336e-02 2.09173374e-03 0.00000000e+00
104 3.98830354e-01 3.66583109e-01 3.01630590e-02 2.08418816e-03 0.00000000e+00
105 3.95330518e-01 3.61443400e-01 3.09889354e-02 2.89817667e-03 0.00000000e+00
106 3.89930665e-01 3.53627145e-01 3.33462134e-02 2.95730331e-03 0.00000000e+00
107 4.00045127e-01 3.68337393e-01 2.92371679e-02 2.47055665e-03 0.00000000e+00
108 3.88794720e-01 3.59060377e-01 2.78451685e-02 1.88915851e-03 0.00000000e+00
109 3.87744069e-01 3.58661473e-01 2.72698756e-02 1.81271578e-03 0.00000000e+00
110 3.93333524e-01 3.64566147e-01 2.64577810e-02 2.30958872e-03 0.00000000e+00
111 3.87118697e-01 3.54774356e-01 2.92258151e-02 3.11851059e-03 0.00000000e+00
112 3.94104064e-01 3.59643966e-01 3.13947871e-02 3.06533184e-03 0.00000000e+00
113 3.86443555e-01 3.57269943e-01 2.71347463e-02 2.03887536e-03 0.00000000e+00
114 4.07275647e-01 3.78021032e-01 2.73205899e-02 1.93403487e-03 0.00000000e+00
115 3.89858544e-01 3.59815001e-01 2.81038731e-02 1.93966599e-03 0.00000000e+00
116 3.90297174e-01 3.60790193e-01 2.69586556e-02 2.54833372e-03 0.00000000e+00
117 3.83713186e-01 3.51712644e-01 2.94658355e-02 2.53472617e-03 0.00000000e+00
118 3.86378139e-01 3.54472727e-01 2.96712182e-02 2.23418185e-03 0.00000000e+00
119 3.88059258e-01 3.59278500e-01 2.66231336e-02 2.15761573e-03 0.00000000e+00
120 3.87889564e-01 3.56985718e-01 2.85989512e-02 2.30488973e-03 0.00000000e+00
121 3.83321583e-01 3.53192836e-01 2.74576060e-02 2.67115096e-03 0.00000000e+00
122 3.87823224e-01 3.56851876e-01 2.86278278e-02 2.34352984e-03 0.00000000e+00
123 3.78160655e-01 3.44457060e-01 3.07251234e-02 2.97845900e-03 0.00000000e+00
124 3.76700461e-01 3.44581693e-01 2.93635279e-02 2.75523216e-03 0.00000000e+00
125 3.86622965e-01 3.56096625e-01 2.80780289e-02 2.44832877e-03 0.00000000e+00
126 3.80294472e-01 3.52180064e-01 2.60834415e-02 2.03095702e-03 0.00000000e+00
127 3.84891361e-01 3.54953110e-01 2.67161559e-02 3.22212139e-03 0.00000000e+00
128 3.83435160e-01 3.53891462e-01 2.70610228e-02 2.48268154e-03 0.00000000e+00
129 3.88861656e-01 3.61177623e-01 2.50446312e-02 2.63941381e-03 0.00000000e+00
130 3.79739195e-01 3.49902034e-01 2.67259609e-02 3.11120041e-03 0.00000000e+00
131 3.66797090e-01 3.37783515e-01 2.64396779e-02 2.57389434e-03 0.00000000e+00
132 3.70796442e-01 3.40023279e-01 2.84081530e-02 2.36502360e-03 0.00000000e+00
133 3.88292313e-01 3.57766509e-01 2.81155054e-02 2.41030334e-03 0.00000000e+00
134 3.80669057e-01 3.52893651e-01 2.58113779e-02 1.96403288e-03 0.00000000e+00
135 3.70364159e-01 3.41778040e-01 2.64455862e-02 2.14050733e-03 0.00000000e+00
136 3.89517486e-01 3.55579019e-01 3.06464825e-02 3.29199177e-03 0.00000000e+00
137 3.68583679e-01 3.35848182e-01 2.98834909e-02 2.85200099e-03 0.00000000e+00
138 3.80527377e-01 3.47733766e-01 2.92312093e-02 3.56239802e-03 0.00000000e+00
139 3.69191319e-01 3.38286847e-01 2.87774988e-02 2.12695077e-03 0.00000000e+00
140 3.84819746e-01 3.57514679e-01 2.55794954e-02 1.72559870e-03 0.00000000e+00
141 3.88658047e-01 3.59218001e-01 2.74841581e-02 1.95588358e-03 0.00000000e+00
142 3.73685867e-01 3.44660342e-01 2.69604418e-02 2.06509349e-03 0.00000000e+00
143 4.26954210e-01 3.82637858e-01 3.82645503e-02 6.05180115e-03 0.00000000e+00
144 4.04083848e-01 3.65164399e-01 3.40433307e-02 4.87609208e-03 0.00000000e+00
145 4.11278367e-01 3.76017243e-01 3.21061723e-02 3.15494952e-03 0.00000000e+00
146 3.93064529e-01 3.58583391e-01 3.12383417e-02 3.24279466e-03 0.00000000e+00
147 3.79801333e-01 3.46024811e-01 3.11525576e-02 2.62396713e-03 0.00000000e+00
148 3.88167292e-01 3.54930639e-01 3.06728967e-02 2.56373500e-03 0.00000000e+00
149 3.87211204e-01 3.57473314e-01 2.78681312e-02 1.86978187e-03 0.00000000e+00
150 3.79146963e-01 3.48909944e-01 2.72849556e-02 2.95207137e-03 0.00000000e+00
151 3.75937670e-01 3.42342019e-01 2.96520740e-02 3.94358067e-03 0.00000000e+00
152 3.67515534e-01 3.36505771e-01 2.76865400e-02 3.32323695e-03 0.00000000e+00
153 3.77906173e-01 3.45112741e-01 2.82406230e-02 4.55280486e-03 0.00000000e+00
154 3.76069069e-01 3.42814207e-01 2.84154695e-02 4.83940123e-03 0.00000000e+00
155 3.64785105e-01 3.32256913e-01 2.89808866e-02 3.54730990e-03 0.00000000e+00
156 3.78351539e-01 3.47832114e-01 2.77302675e-02 2.78917421e-03 0.00000000e+00
157 3.65436763e-01 3.32801580e-01 2.90640648e-02 3.57112451e-03 0.00000000e+00
158 3.75858098e-01 3.43278944e-01 2.87383534e-02 3.84081295e-03 0.00000000e+00
159 3.70335549e-01 3.39900553e-01 2.77913325e-02 2.64368905e-03 0.00000000e+00
160 3.61671448e-01 3.27074140e-01 3.07085495e-02 3.88874928e-03 0.00000000e+00
161 3.67747128e-01 3.38886797e-01 2.52633095e-02 3.59701691e-03 0.00000000e+00
162 3.67202997e-01 3.35006922e-01 2.94480529e-02 2.74802023e-03 0.00000000e+00
163 3.62392455e-01 3.31134677e-01 2.86778286e-02 2.57995748e-03 0.00000000e+00
164 3.65006924e-01 3.33791077e-01 2.91289203e-02 2.08694022e-03 0.00000000e+00
165 3.59205484e-01 3.30154002e-01 2.72630900e-02 1.78836635e-03 0.00000000e+00
166 3.59908760e-01 3.30559045e-01 2.70665325e-02 2.28319434e-03 0.00000000e+00
167 3.60152811e-01 3.29049557e-01 2.88285725e-02 2.27467972e-03 0.00000000e+00
168 3.67195934e-01 3.37061018e-01 2.82141250e-02 1.92077516e-03 0.00000000e+00
169 3.66959691e-01 3.35487694e-01 2.87091266e-02 2.76288204e-03 0.00000000e+00
170 3.68202597e-01 3.35977733e-01 2.86478549e-02 3.57702328e-03 0.00000000e+00
171 3.56985420e-01 3.23861241e-01 2.96005029e-02 3.52368783e-03 0.00000000e+00
172 3.64078134e-01 3.30691963e-01 2.93211862e-02 4.06497158e-03 0.00000000e+00
173 3.54490191e-01 3.18286866e-01 3.28897275e-02 3.31360591e-03 0.00000000e+00
174 3.50009531e-01 3.21451783e-01 2.57929880e-02 2.76476191e-03 0.00000000e+00
175 3.62695932e-01 3.32383633e-01 2.68701613e-02 3.44213727e-03 0.00000000e+00
176 3.54558349e-01 3.23638141e-01 2.79097874e-02 3.01042409e-03 0.00000000e+00
177 3.61950725e-01 3.27270955e-01 3.16957273e-02 2.98406114e-03 0.00000000e+00
178 3.56627166e-01 3.26728314e-01 2.64719371e-02 3.42691899e-03 0.00000000e+00
179 3.64780575e-01 3.32855076e-01 2.90693510e-02 2.85614026e-03 0.00000000e+00
180 3.35698456e-01 3.06686074e-01 2.55023967e-02 3.51000112e-03 0.00000000e+00
181 3.65437716e-01 3.33553135e-01 2.84079071e-02 3.47668165e-03 0.00000000e+00
182 3.62076670e-01 3.30538094e-01 2.74722818e-02 4.06629266e-03 0.00000000e+00
183 3.56946588e-01 3.24404657e-01 2.96829231e-02 2.85898638e-03 0.00000000e+00
184 3.47557604e-01 3.15051675e-01 2.91982349e-02 3.30770947e-03 0.00000000e+00
185 3.56853515e-01 3.24539065e-01 2.96620391e-02 2.65239808e-03 0.00000000e+00
186 3.55586052e-01 3.21932882e-01 3.14013101e-02 2.25186860e-03 0.00000000e+00
187 3.59904170e-01 3.25674385e-01 2.99527384e-02 4.27704025e-03 0.00000000e+00
188 3.46377015e-01 3.13836634e-01 2.98282970e-02 2.71207653e-03 0.00000000e+00
189 3.51748079e-01 3.18729520e-01 2.99434308e-02 3.07512935e-03 0.00000000e+00
190 3.56384784e-01 3.23787749e-01 2.94203684e-02 3.17665609e-03 0.00000000e+00
191 3.51811379e-01 3.22619855e-01 2.66021471e-02 2.58936547e-03 0.00000000e+00
192 3.51396531e-01 3.23128283e-01 2.59569269e-02 2.31132144e-03 0.00000000e+00
193 3.52847606e-01 3.21004093e-01 2.93453168e-02 2.49819760e-03 0.00000000e+00
194 3.45650554e-01 3.13613534e-01 2.81887874e-02 3.84821068e-03 0.00000000e+00
195 3.51259321e-01 3.19212586e-01 2.85082404e-02 3.53849330e-03 0.00000000e+00
196 3.42548668e-01 3.09655160e-01 2.89143343e-02 3.97916650e-03 0.00000000e+00
197 3.47498983e-01 3.14631104e-01 2.97315437e-02 3.13633680e-03 0.00000000e+00
198 3.44694048e-01 3.16208869e-01 2.57483143e-02 2.73686647e-03 0.00000000e+00
199 3.56276184e-01 3.24124098e-01 2.93568037e-02 2.79527763e-03 0.00000000e+00
200 3.38808835e-01 3.05996835e-01 2.90731397e-02 3.73883964e-03 0.00000000e+00
201 3.53626549e-01 3.19086671e-01 2.99694687e-02 4.57043666e-03 0.00000000e+00
202 3.41739684e-01 3.10272068e-01 2.87110638e-02 2.75656627e-03 0.00000000e+00
203 3.45141381e-01 3.09415251e-01 3.18137705e-02 3.91235668e-03 0.00000000e+00
204 3.38042766e-01 3.03867012e-01 3.10145151e-02 3.16124829e-03 0.00000000e+00
205 3.39597762e-01 3.08474094e-01 2.77194083e-02 3.40424641e-03 0.00000000e+00
206 3.38335067e-01 3.05982411e-01 2.85967272e-02 3.75593174e-03 0.00000000e+00
207 3.36610913e-01 3.03983420e-01 2.94707436e-02 3.15675931e-03 0.00000000e+00
208 3.31474870e-01 2.99697757e-01 2.92364340e-02 2.54067499e-03 0.00000000e+00
209 3.35132390e-01 3.00451845e-01 3.12501863e-02 3.43037234e-03 0.00000000e+00
210 3.34899575e-01 3.00328255e-01 3.13341506e-02 3.23714712e-03 0.00000000e+00
211 3.33423108e-01 3.01253527e-01 2.89391689e-02 3.23041761e-03 0.00000000e+00
212 3.24711442e-01 2.95212626e-01 2.67847646e-02 2.71402788e-03 0.00000000e+00
213 3.33771259e-01 2.99402922e-01 3.11783515e-02 3.18997353e-03 0.00000000e+00
214 3.34181339e-01 3.02363306e-01 2.75635943e-02 4.25441982e-03 0.00000000e+00
215 3.26456785e-01 2.91973412e-01 3.06156315e-02 3.86775471e-03 0.00000000e+00
216 3.32819760e-01 2.97212243e-01 2.97849439e-02 5.82256820e-03 0.00000000e+00
217 3.24112743e-01 2.91852534e-01 2.86551807e-02 3.60503281e-03 0.00000000e+00
218 3.21880013e-01 2.88878500e-01 2.84364540e-02 4.56505967e-03 0.00000000e+00
219 3.22865784e-01 2.91582406e-01 2.77303644e-02 3.55300237e-03 0.00000000e+00
220 3.17447752e-01 2.85784334e-01 2.78884843e-02 3.77494004e-03 0.00000000e+00
221 3.20860714e-01 2.86551356e-01 3.00298426e-02 4.27951384e-03 0.00000000e+00
222 3.28996897e-01 2.92581677e-01 3.26614194e-02 3.75382253e-03 0.00000000e+00
223 3.20659250e-01 2.88178593e-01 2.95488741e-02 2.93177366e-03 0.00000000e+00
224 3.18495870e-01 2.85708576e-01 2.93207616e-02 3.46656027e-03 0.00000000e+00
225 3.21687549e-01 2.87952513e-01 3.07574701e-02 2.97757424e-03 0.00000000e+00
226 3.16382647e-01 2.81516790e-01 3.11491210e-02 3.71672329e-03 0.00000000e+00
227 3.19849283e-01 2.86389083e-01 3.01562175e-02 3.30398837e-03 0.00000000e+00
228 3.20547700e-01 2.90043473e-01 2.74234582e-02 3.08076967e-03 0.00000000e+00
229 3.15397054e-01 2.82954335e-01 2.94380654e-02 3.00463848e-03 0.00000000e+00
230 3.17351222e-01 2.82968432e-01 3.06401346e-02 3.74266878e-03 0.00000000e+00
231 3.08747441e-01 2.76873201e-01 2.86086164e-02 3.26560671e-03 0.00000000e+00
232 3.15572202e-01 2.84951717e-01 2.77601890e-02 2.86031468e-03 0.00000000e+00
233 3.20314735e-01 2.84708411e-01 3.07821259e-02 4.82418435e-03 0.00000000e+00
234 3.14704865e-01 2.80996472e-01 2.95344274e-02 4.17396845e-03 0.00000000e+00
235 3.14959258e-01 2.77128935e-01 3.40466797e-02 3.78362928e-03 0.00000000e+00
236 3.10090601e-01 2.80580521e-01 2.68359836e-02 2.67411163e-03 0.00000000e+00
237 3.15121561e-01 2.81955481e-01 2.99253017e-02 3.24080326e-03 0.00000000e+00
238 3.15592378e-01 2.80495226e-01 3.11612543e-02 3.93589074e-03 0.00000000e+00
239 3.02982956e-01 2.72439063e-01 2.75452193e-02 2.99868174e-03 0.00000000e+00
240 3.21297616e-01 2.90131688e-01 2.66460460e-02 4.51988541e-03 0.00000000e+00
241 3.10389966e-01 2.76364952e-01 3.02136522e-02 3.81135521e-03 0.00000000e+00
242 3.19320261e-01 2.82693148e-01 3.27195860e-02 3.90752964e-03 0.00000000e+00
243 3.12802017e-01 2.81314403e-01 2.83278283e-02 3.15980101e-03 0.00000000e+00
244 3.09231639e-01 2.77184218e-01 2.76234094e-02 4.42400668e-03 0.00000000e+00
245 3.11342031e-01 2.76159793e-01 3.13924439e-02 3.78977181e-03 0.00000000e+00
246 3.23136777e-01 2.88021356e-01 3.08469050e-02 4.26851865e-03 0.00000000e+00
247 3.15374792e-01 2.78450578e-01 3.24126221e-02 4.51160874e-03 0.00000000e+00
248 3.13032448e-01 2.79696077e-01 2.90180743e-02 4.31829831e-03 0.00000000e+00
249 3.56652617e-01 3.25964570e-01 2.67016459e-02 3.98638612e-03 0.00000000e+00
250 3.73512894e-01 3.45811963e-01 2.43501756e-02 3.35075730e-03 0.00000000e+00
251 3.65016729e-01 3.33544582e-01 2.77346522e-02 3.73747270e-03 0.00000000e+00
252 3.72213930e-01 3.41358215e-01 2.59855893e-02 4.87010740e-03 0.00000000e+00
253 3.68518054e-01 3.36329281e-01 2.72470564e-02 4.94169863e-03 0.00000000e+00
254 3.73551726e-01 3.40270281e-01 2.86107995e-02 4.67065582e-03 0.00000000e+00
255 3.63634318e-01 3.34996343e-01 2.49686390e-02 3.66935181e-03 0.00000000e+00
256 3.65835041e-01 3.32084745e-01 2.89118402e-02 4.83846664e-03 0.00000000e+00
257 3.62269521e-01 3.32048416e-01 2.54133139e-02 4.80779726e-03 0.00000000e+00
258 3.66150707e-01 3.31463456e-01 3.04910932e-02 4.19616420e-03 0.00000000e+00
259 3.51519763e-01 3.21287572e-01 2.61848718e-02 4.04734910e-03 0.00000000e+00
260 3.51551265e-01 3.22269261e-01 2.60033756e-02 3.27863870e-03 0.00000000e+00
261 3.47874552e-01 3.20123911e-01 2.45562345e-02 3.19441222e-03 0.00000000e+00
262 3.43674988e-01 3.11467767e-01 2.85547283e-02 3.65247508e-03 0.00000000e+00
263 3.44417870e-01 3.11658144e-01 2.87551861e-02 4.00452456e-03 0.00000000e+00
264 3.44680727e-01 3.13106596e-01 2.72054449e-02 4.36868146e-03 0.00000000e+00
265 3.39714020e-01 3.09513509e-01 2.67693195e-02 3.43119865e-03 0.00000000e+00
266 3.40434700e-01 3.08765322e-01 2.85134967e-02 3.15588340e-03 0.00000000e+00
267 3.34802181e-01 3.05985332e-01 2.59262007e-02 2.89063901e-03 0.00000000e+00
268 3.27410460e-01 2.98168033e-01 2.64220461e-02 2.82036327e-03 0.00000000e+00
269 3.33490700e-01 3.07387799e-01 2.32908987e-02 2.81200511e-03 0.00000000e+00
270 3.17496270e-01 2.87244380e-01 2.74565984e-02 2.79527903e-03 0.00000000e+00
271 3.19158226e-01 2.85944372e-01 3.04288696e-02 2.78500700e-03 0.00000000e+00
272 3.17256033e-01 2.85128236e-01 2.86179297e-02 3.50987515e-03 0.00000000e+00
273 3.16574126e-01 2.83696026e-01 2.98737641e-02 3.00433161e-03 0.00000000e+00
274 3.14602554e-01 2.82031298e-01 2.87517309e-02 3.81953036e-03 0.00000000e+00
275 3.16184610e-01 2.83975571e-01 2.86551844e-02 3.55387945e-03 0.00000000e+00
276 3.13716680e-01 2.80304998e-01 2.98925322e-02 3.51914624e-03 0.00000000e+00
277 3.12752783e-01 2.80450314e-01 2.89179683e-02 3.38449422e-03 0.00000000e+00
278 3.04871440e-01 2.73599595e-01 2.80313361e-02 3.24048614e-03 0.00000000e+00
279 3.12132537e-01 2.81203866e-01 2.78091580e-02 3.11954087e-03 0.00000000e+00
280 3.12641442e-01 2.83091933e-01 2.59541199e-02 3.59537126e-03 0.00000000e+00
281 3.13309312e-01 2.80396730e-01 2.93726716e-02 3.53991915e-03 0.00000000e+00
282 3.08611453e-01 2.75548786e-01 2.81528160e-02 4.90984228e-03 0.00000000e+00
283 3.11048746e-01 2.78310776e-01 2.90173739e-02 3.72057222e-03 0.00000000e+00
284 3.12244505e-01 2.76906312e-01 3.15539055e-02 3.78431100e-03 0.00000000e+00
285 3.07354987e-01 2.76478142e-01 2.72381380e-02 3.63871036e-03 0.00000000e+00
286 3.07443768e-01 2.75853574e-01 2.80647445e-02 3.52542498e-03 0.00000000e+00
287 3.11070323e-01 2.79313773e-01 2.79269796e-02 3.82957049e-03 0.00000000e+00
288 3.03828210e-01 2.72655547e-01 2.73946319e-02 3.77802574e-03 0.00000000e+00
289 3.02139789e-01 2.70441353e-01 2.82951612e-02 3.40328319e-03 0.00000000e+00
290 3.08162689e-01 2.76154786e-01 2.86175087e-02 3.39041417e-03 0.00000000e+00
291 3.13277334e-01 2.81023234e-01 2.92861648e-02 2.96792458e-03 0.00000000e+00
292 3.05796623e-01 2.75233954e-01 2.77156513e-02 2.84701958e-03 0.00000000e+00
293 3.09832096e-01 2.79707104e-01 2.69946549e-02 3.13033909e-03 0.00000000e+00
294 3.14423829e-01 2.84158349e-01 2.72851642e-02 2.98031862e-03 0.00000000e+00
295 3.07732075e-01 2.76846051e-01 2.78155059e-02 3.07051232e-03 0.00000000e+00
296 3.13327372e-01 2.80717641e-01 2.92979889e-02 3.31175514e-03 0.00000000e+00
297 3.11343104e-01 2.78459221e-01 2.91338600e-02 3.75003321e-03 0.00000000e+00
298 3.08745146e-01 2.74017900e-01 3.14401425e-02 3.28710303e-03 0.00000000e+00
299 3.13597172e-01 2.84792215e-01 2.61511076e-02 2.65382347e-03 0.00000000e+00
300 3.10584724e-01 2.78409392e-01 2.91254036e-02 3.04992590e-03 0.00000000e+00
301 3.09166044e-01 2.74846792e-01 3.10891736e-02 3.23007442e-03 0.00000000e+00
302 3.05506617e-01 2.71326303e-01 3.10871731e-02 3.09314905e-03 0.00000000e+00
303 2.98981160e-01 2.67552286e-01 2.76785661e-02 3.75030329e-03 0.00000000e+00
304 3.05147111e-01 2.73227751e-01 2.78929174e-02 4.02645022e-03 0.00000000e+00
305 3.07506680e-01 2.71553874e-01 3.22296135e-02 3.72320693e-03 0.00000000e+00
306 3.07119280e-01 2.74698436e-01 2.85795610e-02 3.84129002e-03 0.00000000e+00
307 3.11539710e-01 2.79807746e-01 2.74751298e-02 4.25683241e-03 0.00000000e+00
308 2.99882233e-01 2.70711482e-01 2.61898022e-02 2.98094959e-03 0.00000000e+00
309 3.06274712e-01 2.75563747e-01 2.78936010e-02 2.81735999e-03 0.00000000e+00
310 2.99507320e-01 2.67942548e-01 2.83867680e-02 3.17799603e-03 0.00000000e+00
311 3.02010477e-01 2.69303977e-01 2.97200549e-02 2.98643508e-03 0.00000000e+00
312 2.92308271e-01 2.63806581e-01 2.53404658e-02 3.16121662e-03 0.00000000e+00
313 2.98829049e-01 2.66429663e-01 2.93776337e-02 3.02174222e-03 0.00000000e+00
314 2.99097806e-01 2.68045813e-01 2.79476475e-02 3.10434797e-03 0.00000000e+00
315 2.97919601e-01 2.64305234e-01 3.02388947e-02 3.37546039e-03 0.00000000e+00
316 2.99592793e-01 2.67419636e-01 2.88741998e-02 3.29895876e-03 0.00000000e+00
317 2.98680872e-01 2.67373711e-01 2.80952584e-02 3.21191922e-03 0.00000000e+00
318 2.99090058e-01 2.70322651e-01 2.56209318e-02 3.14648217e-03 0.00000000e+00
319 3.00085008e-01 2.72200495e-01 2.46332828e-02 3.25123407e-03 0.00000000e+00
320 2.99424559e-01 2.66443968e-01 2.95136180e-02 3.46697099e-03 0.00000000e+00
321 3.04416806e-01 2.69161999e-01 3.18959914e-02 3.35882092e-03 0.00000000e+00
322 2.95096874e-01 2.63622642e-01 2.80651823e-02 3.40905949e-03 0.00000000e+00
323 2.99095124e-01 2.68392682e-01 2.75648087e-02 3.13761341e-03 0.00000000e+00
324 3.02900463e-01 2.71767080e-01 2.78790649e-02 3.25431279e-03 0.00000000e+00
325 3.06898326e-01 2.73535341e-01 2.96432227e-02 3.71977268e-03 0.00000000e+00
326 2.95381159e-01 2.66195983e-01 2.54007839e-02 3.78439995e-03 0.00000000e+00
327 2.97155946e-01 2.66657710e-01 2.67544519e-02 3.74379242e-03 0.00000000e+00
328 2.99518555e-01 2.67294168e-01 2.89579686e-02 3.26641044e-03 0.00000000e+00
329 2.96404332e-01 2.62510598e-01 3.01311053e-02 3.76263238e-03 0.00000000e+00
330 2.95872867e-01 2.62773812e-01 2.92535760e-02 3.84549098e-03 0.00000000e+00
331 2.94055700e-01 2.62502372e-01 2.83354204e-02 3.21790762e-03 0.00000000e+00
332 3.04738939e-01 2.70173192e-01 3.06988172e-02 3.86693119e-03 0.00000000e+00
333 3.00720215e-01 2.69592464e-01 2.80415956e-02 3.08614573e-03 0.00000000e+00
334 2.97481984e-01 2.67442465e-01 2.70716902e-02 2.96782865e-03 0.00000000e+00
335 3.04501951e-01 2.73253381e-01 2.77911294e-02 3.45742446e-03 0.00000000e+00
336 3.02603096e-01 2.71312684e-01 2.79783681e-02 3.31205130e-03 0.00000000e+00
337 2.97798276e-01 2.65038908e-01 2.96692364e-02 3.09013505e-03 0.00000000e+00
338 3.01541418e-01 2.67925620e-01 2.98899859e-02 3.72580532e-03 0.00000000e+00
339 3.02401543e-01 2.71768689e-01 2.73766015e-02 3.25626647e-03 0.00000000e+00
340 3.03570867e-01 2.69599736e-01 3.03709526e-02 3.60017153e-03 0.00000000e+00
341 2.96022683e-01 2.66229957e-01 2.65789051e-02 3.21383076e-03 0.00000000e+00
342 2.97247976e-01 2.67581910e-01 2.66958419e-02 2.97023007e-03 0.00000000e+00
343 2.95220286e-01 2.64918387e-01 2.70076562e-02 3.29421903e-03 0.00000000e+00
344 2.97880739e-01 2.66297013e-01 2.83533540e-02 3.23035312e-03 0.00000000e+00
345 2.97913581e-01 2.67387599e-01 2.69553605e-02 3.57061485e-03 0.00000000e+00
346 2.99892902e-01 2.68743575e-01 2.79910509e-02 3.15827131e-03 0.00000000e+00
347 2.97902316e-01 2.67504245e-01 2.73960475e-02 3.00201820e-03 0.00000000e+00
348 2.98146367e-01 2.68191755e-01 2.68261395e-02 3.12848133e-03 0.00000000e+00
349 2.98275262e-01 2.66966134e-01 2.78924797e-02 3.41666234e-03 0.00000000e+00
350 2.87979513e-01 2.56800115e-01 2.80703567e-02 3.10904952e-03 0.00000000e+00
351 2.93138444e-01 2.62826145e-01 2.70548668e-02 3.25742015e-03 0.00000000e+00
352 2.98637450e-01 2.66982824e-01 2.79439297e-02 3.71069158e-03 0.00000000e+00
353 2.93207765e-01 2.63118684e-01 2.65847892e-02 3.50426417e-03 0.00000000e+00
354 2.96355695e-01 2.65947074e-01 2.73727942e-02 3.03580728e-03 0.00000000e+00
355 2.97291100e-01 2.65189737e-01 2.87731588e-02 3.32819181e-03 0.00000000e+00
356 2.93992788e-01 2.62355268e-01 2.85106245e-02 3.12687829e-03 0.00000000e+00
357 3.01400423e-01 2.71662533e-01 2.66999565e-02 3.03792674e-03 0.00000000e+00
358 2.89656997e-01 2.60798216e-01 2.54996829e-02 3.35910264e-03 0.00000000e+00
359 2.91238666e-01 2.59529114e-01 2.84683350e-02 3.24121257e-03 0.00000000e+00
360 2.94419169e-01 2.63191968e-01 2.77497657e-02 3.47742485e-03 0.00000000e+00
361 2.97542781e-01 2.65038937e-01 2.94171423e-02 3.08672874e-03 0.00000000e+00
362 2.88737088e-01 2.60621756e-01 2.52578240e-02 2.85750930e-03 0.00000000e+00
363 2.95061529e-01 2.64355719e-01 2.76185293e-02 3.08727683e-03 0.00000000e+00
364 2.99878538e-01 2.70081908e-01 2.64980625e-02 3.29857809e-03 0.00000000e+00
365 2.98877835e-01 2.68728346e-01 2.66962256e-02 3.45324888e-03 0.00000000e+00
366 2.98942178e-01 2.66458720e-01 2.92337127e-02 3.24972020e-03 0.00000000e+00
367 3.02421451e-01 2.70077437e-01 2.91591994e-02 3.18482658e-03 0.00000000e+00
368 2.96406567e-01 2.62404591e-01 3.12694833e-02 2.73249531e-03 0.00000000e+00
369 2.95476168e-01 2.62893081e-01 2.92471778e-02 3.33591225e-03 0.00000000e+00
370 2.92384475e-01 2.62138844e-01 2.68631391e-02 3.38249747e-03 0.00000000e+00
371 2.99166888e-01 2.65799820e-01 3.03530060e-02 3.01406137e-03 0.00000000e+00
372 2.93349236e-01 2.57986933e-01 3.27179991e-02 2.64429557e-03 0.00000000e+00
373 2.99454719e-01 2.70546675e-01 2.61584260e-02 2.74962047e-03 0.00000000e+00
374 2.98500538e-01 2.67074585e-01 2.78930627e-02 3.53289908e-03 0.00000000e+00
375 2.95567364e-01 2.63009816e-01 2.89025567e-02 3.65500082e-03 0.00000000e+00
376 2.91545272e-01 2.58094072e-01 3.01555973e-02 3.29558854e-03 0.00000000e+00
377 2.92068481e-01 2.60407269e-01 2.86073610e-02 3.05384654e-03 0.00000000e+00
378 2.96725780e-01 2.62775868e-01 3.11590470e-02 2.79086363e-03 0.00000000e+00
379 2.95954615e-01 2.62052089e-01 3.05973236e-02 3.30520561e-03 0.00000000e+00
380 2.99818933e-01 2.64315426e-01 3.23412120e-02 3.16228741e-03 0.00000000e+00
381 2.91576207e-01 2.60524064e-01 2.74879150e-02 3.56423995e-03 0.00000000e+00
382 2.88110167e-01 2.56256521e-01 2.86657792e-02 3.18787899e-03 0.00000000e+00
383 2.97078639e-01 2.67309338e-01 2.66953278e-02 3.07397242e-03 0.00000000e+00
384 2.92861819e-01 2.59787232e-01 3.01945079e-02 2.88007315e-03 0.00000000e+00
385 2.90132850e-01 2.59672076e-01 2.75176335e-02 2.94312323e-03 0.00000000e+00
386 2.98081011e-01 2.67590404e-01 2.73718350e-02 3.11876973e-03 0.00000000e+00
387 2.94892639e-01 2.63402909e-01 2.83068158e-02 3.18293017e-03 0.00000000e+00
388 2.93156654e-01 2.62558132e-01 2.74888091e-02 3.10973264e-03 0.00000000e+00
389 2.91524738e-01 2.60181487e-01 2.82556899e-02 3.08755622e-03 0.00000000e+00
390 2.96434402e-01 2.66448259e-01 2.67642550e-02 3.22188530e-03 0.00000000e+00
391 2.93098956e-01 2.58755416e-01 3.08054835e-02 3.53804510e-03 0.00000000e+00
392 2.96488136e-01 2.65372425e-01 2.70721689e-02 4.04354045e-03 0.00000000e+00
393 3.09499592e-01 2.76391894e-01 2.81990077e-02 4.90868045e-03 0.00000000e+00
394 3.07128996e-01 2.71727085e-01 3.10632456e-02 4.33864957e-03 0.00000000e+00
395 3.01592529e-01 2.68626958e-01 2.89935898e-02 3.97199811e-03 0.00000000e+00
396 3.04498076e-01 2.73212045e-01 2.79637929e-02 3.32225300e-03 0.00000000e+00
397 3.00220639e-01 2.70921290e-01 2.57459823e-02 3.55334859e-03 0.00000000e+00
398 3.00403148e-01 2.68048346e-01 2.92116478e-02 3.14315432e-03 0.00000000e+00
399 2.99942195e-01 2.67356813e-01 2.88911127e-02 3.69425421e-03 0.00000000e+00
400 2.99014807e-01 2.68508226e-01 2.63299458e-02 4.17665532e-03 0.00000000e+00
401 3.00167769e-01 2.66758859e-01 3.00956499e-02 3.31328064e-03 0.00000000e+00
402 2.96536535e-01 2.67919034e-01 2.54030712e-02 3.21442587e-03 0.00000000e+00
403 2.90745437e-01 2.61384785e-01 2.61776783e-02 3.18298140e-03 0.00000000e+00
404 3.02807301e-01 2.71059215e-01 2.85514370e-02 3.19665018e-03 0.00000000e+00
405 2.91968733e-01 2.58497119e-01 3.05722412e-02 2.89936783e-03 0.00000000e+00
406 2.91664869e-01 2.60848701e-01 2.77753361e-02 3.04083433e-03 0.00000000e+00
407 3.00892413e-01 2.67158896e-01 3.04791294e-02 3.25438962e-03 0.00000000e+00
408 2.99598306e-01 2.66606718e-01 2.90804431e-02 3.91113106e-03 0.00000000e+00
409 2.90134490e-01 2.57580340e-01 2.86464971e-02 3.90765956e-03 0.00000000e+00
410 2.95729309e-01 2.60034025e-01 3.15232873e-02 4.17199032e-03 0.00000000e+00
411 2.98699081e-01 2.62179732e-01 3.18890363e-02 4.63032955e-03 0.00000000e+00
412 2.92661637e-01 2.61614472e-01 2.68507320e-02 4.19643894e-03 0.00000000e+00
413 2.90298045e-01 2.60495305e-01 2.59960964e-02 3.80665809e-03 0.00000000e+00
414 2.90064245e-01 2.58179486e-01 2.86109429e-02 3.27381957e-03 0.00000000e+00
415 2.95774102e-01 2.61577129e-01 3.09265833e-02 3.27039300e-03 0.00000000e+00
416 2.87958831e-01 2.57409751e-01 2.74999123e-02 3.04915057e-03 0.00000000e+00
417 2.88901329e-01 2.58083522e-01 2.75221094e-02 3.29568004e-03 0.00000000e+00
418 2.82011420e-01 2.51949340e-01 2.69281436e-02 3.13391467e-03 0.00000000e+00
419 2.91360557e-01 2.60603040e-01 2.76184063e-02 3.13911494e-03 0.00000000e+00
420 2.93871909e-01 2.61723399e-01 2.87219845e-02 3.42652621e-03 0.00000000e+00
421 2.91918129e-01 2.60076672e-01 2.88249180e-02 3.01653170e-03 0.00000000e+00
422 2.91289061e-01 2.59998143e-01 2.83576790e-02 2.93323025e-03 0.00000000e+00
423 2.94625014e-01 2.63240993e-01 2.83911489e-02 2.99287424e-03 0.00000000e+00
424 2.93568641e-01 2.63487697e-01 2.68186722e-02 3.26228444e-03 0.00000000e+00
425 2.86440074e-01 2.58752048e-01 2.44943909e-02 3.19365971e-03 0.00000000e+00
426 2.93197304e-01 2.62370467e-01 2.75074169e-02 3.31939990e-03 0.00000000e+00
427 2.90957689e-01 2.58347809e-01 2.92972196e-02 3.31266038e-03 0.00000000e+00
428 2.94420630e-01 2.60937899e-01 3.01125180e-02 3.37023940e-03 0.00000000e+00
429 2.94965237e-01 2.62799978e-01 2.90330686e-02 3.13219568e-03 0.00000000e+00
430 2.87967265e-01 2.54374802e-01 3.04463990e-02 3.14604840e-03 0.00000000e+00
431 2.84084886e-01 2.54032135e-01 2.67677587e-02 3.28499754e-03 0.00000000e+00
432 2.90271670e-01 2.59549648e-01 2.75478810e-02 3.17415525e-03 0.00000000e+00
433 2.88332343e-01 2.55067736e-01 2.98902821e-02 3.37434979e-03 0.00000000e+00
434 2.88108319e-01 2.58212745e-01 2.67503187e-02 3.14525026e-03 0.00000000e+00
435 2.90731877e-01 2.59477049e-01 2.80510560e-02 3.20378924e-03 0.00000000e+00
436 2.87392706e-01 2.54699707e-01 2.96638329e-02 3.02915554e-03 0.00000000e+00
437 2.84026831e-01 2.56067514e-01 2.49071456e-02 3.05218576e-03 0.00000000e+00
438 2.85554975e-01 2.53781945e-01 2.83689704e-02 3.40403663e-03 0.00000000e+00
439 2.88572669e-01 2.56829083e-01 2.85826866e-02 3.16089764e-03 0.00000000e+00
440 2.84367263e-01 2.56051928e-01 2.53551602e-02 2.96017178e-03 0.00000000e+00
441 2.92114943e-01 2.59363592e-01 2.96575818e-02 3.09377210e-03 0.00000000e+00
442 2.86215723e-01 2.57379800e-01 2.57365555e-02 3.09938588e-03 0.00000000e+00
443 2.92796344e-01 2.60183662e-01 2.89321039e-02 3.68057285e-03 0.00000000e+00
444 2.92035550e-01 2.59836853e-01 2.86409911e-02 3.55771417e-03 0.00000000e+00
445 2.87557483e-01 2.57677436e-01 2.65326425e-02 3.34739126e-03 0.00000000e+00
446 2.90519506e-01 2.57806063e-01 2.92002652e-02 3.51317553e-03 0.00000000e+00
447 2.94798315e-01 2.62657881e-01 2.90292241e-02 3.11122555e-03 0.00000000e+00
448 2.85246015e-01 2.55559772e-01 2.65568923e-02 3.12935095e-03 0.00000000e+00
449 2.87493616e-01 2.54929632e-01 2.93725375e-02 3.19144689e-03 0.00000000e+00
450 2.94175059e-01 2.62427300e-01 2.80141756e-02 3.73358256e-03 0.00000000e+00
451 2.88766831e-01 2.58073628e-01 2.68026572e-02 3.89054487e-03 0.00000000e+00
452 2.88753688e-01 2.58061618e-01 2.70282440e-02 3.66384443e-03 0.00000000e+00
453 2.88313389e-01 2.56510198e-01 2.84224283e-02 3.38076195e-03 0.00000000e+00
454 2.86249161e-01 2.54770041e-01 2.80447714e-02 3.43434885e-03 0.00000000e+00
455 2.90747851e-01 2.59817034e-01 2.75875963e-02 3.34321940e-03 0.00000000e+00
456 2.81457096e-01 2.53400683e-01 2.47426406e-02 3.31378938e-03 0.00000000e+00
457 2.81626403e-01 2.52382010e-01 2.57997345e-02 3.44466208e-03 0.00000000e+00
458 2.85865188e-01 2.55373925e-01 2.70119570e-02 3.47931567e-03 0.00000000e+00
459 2.82296479e-01 2.52558768e-01 2.61272043e-02 3.61049431e-03 0.00000000e+00
460 2.89820701e-01 2.60249913e-01 2.61053368e-02 3.46544269e-03 0.00000000e+00
461 2.84728199e-01 2.52134889e-01 2.80155111e-02 4.57779225e-03 0.00000000e+00
462 2.99428254e-01 2.66972721e-01 2.80667264e-02 4.38882271e-03 0.00000000e+00
463 2.90981799e-01 2.62182117e-01 2.44750325e-02 4.32465505e-03 0.00000000e+00
464 2.92440474e-01 2.60687083e-01 2.77325902e-02 4.02080314e-03 0.00000000e+00
465 2.98924953e-01 2.69013166e-01 2.59690154e-02 3.94274388e-03 0.00000000e+00
466 2.94073910e-01 2.61678636e-01 2.87834834e-02 3.61180073e-03 0.00000000e+00
467 2.88008273e-01 2.55511284e-01 2.88537629e-02 3.64322402e-03 0.00000000e+00
468 2.83032715e-01 2.52702355e-01 2.63768658e-02 3.95348435e-03 0.00000000e+00
469 2.95067668e-01 2.61858076e-01 2.89691389e-02 4.24044766e-03 0.00000000e+00
470 2.94663161e-01 2.62880802e-01 2.76464820e-02 4.13588388e-03 0.00000000e+00
471 2.88583875e-01 2.58349299e-01 2.67863218e-02 3.44825978e-03 0.00000000e+00
472 2.89490998e-01 2.58606851e-01 2.70234346e-02 3.86071298e-03 0.00000000e+00
473 2.85792708e-01 2.54463404e-01 2.75390875e-02 3.79023212e-03 0.00000000e+00
474 2.85972774e-01 2.51762360e-01 3.03857718e-02 3.82465823e-03 0.00000000e+00
475 2.92884856e-01 2.61555344e-01 2.77990401e-02 3.53046646e-03 0.00000000e+00
476 2.86153555e-01 2.55235612e-01 2.72565931e-02 3.66134802e-03 0.00000000e+00
477 2.94054896e-01 2.61872798e-01 2.87834033e-02 3.39868898e-03 0.00000000e+00
478 2.89443761e-01 2.54827827e-01 3.12262159e-02 3.38972383e-03 0.00000000e+00
479 2.84369498e-01 2.57118702e-01 2.39112787e-02 3.33951972e-03 0.00000000e+00
480 2.81393200e-01 2.53662497e-01 2.45043878e-02 3.22632119e-03 0.00000000e+00
481 2.79800177e-01 2.50555277e-01 2.60590669e-02 3.18583567e-03 0.00000000e+00
482 2.90590882e-01 2.57767230e-01 2.95749120e-02 3.24873859e-03 0.00000000e+00
483 2.82774866e-01 2.54133701e-01 2.53844522e-02 3.25670093e-03 0.00000000e+00
484 2.78160512e-01 2.47776523e-01 2.71999203e-02 3.18407547e-03 0.00000000e+00
485 2.79924899e-01 2.47159958e-01 2.97529325e-02 3.01200757e-03 0.00000000e+00
486 2.83929616e-01 2.55902380e-01 2.49607787e-02 3.06645175e-03 0.00000000e+00
487 2.86165863e-01 2.56106526e-01 2.70156488e-02 3.04366904e-03 0.00000000e+00
488 2.82810569e-01 2.52652407e-01 2.70904694e-02 3.06770159e-03 0.00000000e+00
489 2.89077938e-01 2.57689834e-01 2.82767937e-02 3.11131286e-03 0.00000000e+00
490 2.89129704e-01 2.56101191e-01 2.99264006e-02 3.10212676e-03 0.00000000e+00
491 2.76688814e-01 2.48505205e-01 2.50931252e-02 3.09046800e-03 0.00000000e+00
492 2.84849763e-01 2.56158590e-01 2.56908461e-02 3.00030713e-03 0.00000000e+00
493 2.85218745e-01 2.56096691e-01 2.61127893e-02 3.00925784e-03 0.00000000e+00
494 2.83694148e-01 2.53494203e-01 2.71315537e-02 3.06838285e-03 0.00000000e+00
495 2.94326276e-01 2.63574362e-01 2.77022980e-02 3.04961321e-03 0.00000000e+00
496 2.79724360e-01 2.49825537e-01 2.70727444e-02 2.82606040e-03 0.00000000e+00
497 2.81764954e-01 2.52296239e-01 2.64818892e-02 2.98681576e-03 0.00000000e+00
498 2.90501863e-01 2.57844031e-01 2.96579413e-02 2.99991411e-03 0.00000000e+00
499 2.87835956e-01 2.58433819e-01 2.61587631e-02 3.24339862e-03 0.00000000e+00
500 2.93559611e-01 2.63634533e-01 2.59701107e-02 3.95498425e-03 0.00000000e+00
