# step L_total L_int L_bdry L_orth
1 4.85856891e-01 4.85856891e-01 0.00000000e+00 0.00000000e+00
2 4.76373792e-01 4.76163328e-01 1.93433603e-04 1.70143594e-05
3 4.58002418e-01 4.56771076e-01 1.13069545e-03 1.00631078e-04
4 4.45911348e-01 4.39526349e-01 5.84240118e-03 5.42602211e-04
5 4.49325144e-01 4.36676770e-01 1.16544804e-02 9.93917580e-04
6 4.33269501e-01 4.17672157e-01 1.37756765e-02 1.82166882e-03
7 4.18872058e-01 4.05717224e-01 1.13602988e-02 1.79455313e-03
8 4.23036993e-01 4.13089126e-01 8.84827413e-03 1.09957426e-03
9 4.14416790e-01 4.04051125e-01 9.50389169e-03 8.61749286e-04
10 4.13481861e-01 3.97111684e-01 1.48749296e-02 1.49524910e-03
11 4.14240539e-01 3.93903702e-01 1.86479371e-02 1.68888527e-03
12 3.97358119e-01 3.75840694e-01 1.99110582e-02 1.60636578e-03
13 4.05840248e-01 3.82595241e-01 2.14867983e-02 1.75821676e-03
14 4.04732406e-01 3.78446192e-01 2.42555849e-02 2.03063805e-03
15 3.97433490e-01 3.71372700e-01 2.40263902e-02 2.03438825e-03
16 3.92658263e-01 3.67790818e-01 2.29083169e-02 1.95912668e-03
17 3.91020298e-01 3.67488772e-01 2.15546545e-02 1.97686581e-03
18 3.75959277e-01 3.57320726e-01 1.65197849e-02 2.11875676e-03
19 3.64354432e-01 3.52705538e-01 1.03287781e-02 1.32011797e-03
20 3.62864763e-01 3.54835838e-01 6.93093659e-03 1.09798962e-03
21 3.58545691e-01 3.49815845e-01 6.83621876e-03 1.89362699e-03
22 3.47329080e-01 3.39168906e-01 6.27087802e-03 1.88927946e-03
23 3.48287940e-01 3.40388924e-01 6.31393073e-03 1.58510380e-03
24 3.55531663e-01 3.45067322e-01 7.02493079e-03 3.43940337e-03
25 3.51104230e-01 3.43411684e-01 4.78088297e-03 2.91165733e-03
26 3.50526363e-01 3.41659516e-01 3.60809825e-03 5.25873108e-03
27 3.54781359e-01 3.45270932e-01 3.48785263e-03 6.02257065e-03
28 3.43764305e-01 3.35790604e-01 3.85625265e-03 4.11744555e-03
29 3.36638600e-01 3.27972323e-01 4.70826915e-03 3.95801570e-03
30 3.36170912e-01 3.25434208e-01 5.89888543e-03 4.83781705e-03
31 3.32205594e-01 3.22768092e-01 5.70634846e-03 3.73117509e-03
32 3.32216859e-01 3.22679996e-01 6.10351423e-03 3.43333604e-03
33 3.31549734e-01 3.20743918e-01 7.15784915e-03 3.64794303e-03
34 3.30932111e-01 3.20020616e-01 7.64691737e-03 3.26456153e-03
35 3.25659275e-01 3.16015810e-01 7.04035908e-03 2.60311854e-03
36 3.21663171e-01 3.11849356e-01 7.14288699e-03 2.67090998e-03
37 3.17961901e-01 3.08318973e-01 6.68760715e-03 2.95530306e-03
38 3.07546526e-01 2.98917025e-01 5.64281782e-03 2.98667187e-03
39 3.00653368e-01 2.93817878e-01 4.04104497e-03 2.79444223e-03
40 2.88821906e-01 2.83595920e-01 2.47672061e-03 2.74925772e-03
41 2.78379887e-01 2.72994012e-01 2.04847916e-03 3.33739538e-03
42 2.65891165e-01 2.60163069e-01 1.78328040e-03 3.94481607e-03
43 2.57167757e-01 2.51406848e-01 2.06713728e-03 3.69377108e-03
44 2.54447192e-01 2.47184247e-01 3.02433874e-03 4.23861016e-03
45 2.54097015e-01 2.45532125e-01 4.30196896e-03 4.26291302e-03
46 2.49651477e-01 2.38481358e-01 6.10867795e-03 5.06145414e-03
47 2.54108131e-01 2.41996139e-01 6.19824138e-03 5.91376191e-03
48 2.49523371e-01 2.37417698e-01 5.65488264e-03 6.45078439e-03
49 2.52607882e-01 2.40164012e-01 5.82315400e-03 6.62072562e-03
50 2.44656965e-01 2.30777904e-01 7.20146019e-03 6.67759776e-03
51 2.40165249e-01 2.27050722e-01 6.64470997e-03 6.46981038e-03
52 2.38092422e-01 2.25060508e-01 6.33343309e-03 6.69849664e-03
53 2.28869423e-01 2.18027025e-01 4.45659738e-03 6.38580322e-03
54 2.29205236e-01 2.18349904e-01 4.11322434e-03 6.74209977e-03
55 2.30094731e-01 2.19496369e-01 3.91558278e-03 6.68278011e-03
56 2.22863182e-01 2.12082520e-01 3.76965129e-03 7.01101124e-03
57 2.33060285e-01 2.21643224e-01 4.10776120e-03 7.30929989e-03
58 2.23758191e-01 2.13334411e-01 3.81162181e-03 6.61215000e-03
59 2.22982973e-01 2.13352785e-01 3.34059540e-03 6.28959201e-03
60 2.20757410e-01 2.11110294e-01 3.58608132e-03 6.06103567e-03
61 2.16927454e-01 2.08084807e-01 3.29567259e-03 5.54697309e-03
62 2.26058945e-01 2.16945663e-01 3.86994961e-03 5.24333306e-03
63 2.16721803e-01 2.08345264e-01 3.55466385e-03 4.82188584e-03
64 2.20476568e-01 2.11812541e-01 3.88295576e-03 4.78106085e-03
65 2.15482175e-01 2.05808014e-01 3.93591402e-03 5.73823974e-03
66 2.16647759e-01 2.07010403e-01 4.25794395e-03 5.37940720e-03
67 2.19425946e-01 2.10569680e-01 3.73394601e-03 5.12231886e-03
68 2.13764608e-01 2.04598427e-01 4.06809803e-03 5.09808911e-03
69 2.17231810e-01 2.06226856e-01 5.29596442e-03 5.70899155e-03
70 2.09201038e-01 1.98166937e-01 5.10738231e-03 5.92670590e-03
71 2.12932631e-01 2.01967478e-01 4.75921854e-03 6.20593783e-03
72 2.03755826e-01 1.92004025e-01 5.15810074e-03 6.59370935e-03
73 2.11967126e-01 2.00159341e-01 4.88571357e-03 6.92206947e-03
74 2.08110243e-01 1.95812911e-01 5.21162897e-03 7.08571589e-03
75 2.08684444e-01 1.96592852e-01 4.97541064e-03 7.11618224e-03
76 2.02850729e-01 1.89448416e-01 5.93646523e-03 7.46585103e-03
77 2.01634228e-01 1.89316362e-01 5.29265823e-03 7.02521252e-03
78 2.02053472e-01 1.89608037e-01 5.12237893e-03 7.32305693e-03
79 2.04801992e-01 1.92107603e-01 5.54073788e-03 7.15364050e-03
80 2.01222107e-01 1.87443554e-01 6.11025468e-03 7.66829913e-03
81 1.99287921e-01 1.85855567e-01 5.98417036e-03 7.44818291e-03
82 2.00778931e-01 1.86566263e-01 6.57978747e-03 7.63288001e-03
83 1.99662402e-01 1.84598058e-01 6.83459546e-03 8.22975393e-03
84 1.99379444e-01 1.85034633e-01 6.07986050e-03 8.26493744e-03
85 2.01674968e-01 1.85937077e-01 6.96987100e-03 8.76801927e-03
86 2.03530878e-01 1.88982084e-01 6.09603105e-03 8.45276378e-03
87 2.09946826e-01 1.92474812e-01 8.04227497e-03 9.42973234e-03
88 2.07419053e-01 1.92865282e-01 5.93047775e-03 8.62328522e-03
89 1.98258072e-01 1.82480887e-01 6.58653863e-03 9.19064693e-03
90 1.99180841e-01 1.82629794e-01 6.87804911e-03 9.67299938e-03
91 2.08315954e-01 1.93053499e-01 6.11602375e-03 9.14644077e-03
92 1.98654413e-01 1.81886226e-01 7.04367738e-03 9.72451828e-03
93 1.95297465e-01 1.78342655e-01 7.06969388e-03 9.88512207e-03
94 2.01756015e-01 1.85362756e-01 6.67045917e-03 9.72280093e-03
95 1.97564498e-01 1.80119514e-01 7.27282045e-03 1.01721548e-02
96 1.97169617e-01 1.79274216e-01 7.56496936e-03 1.03304256e-02
97 1.96797892e-01 1.79933801e-01 6.86326157e-03 1.00008249e-02
98 2.00430453e-01 1.82200715e-01 7.63634546e-03 1.05934031e-02
99 1.99196965e-01 1.82199553e-01 6.73337793e-03 1.02640335e-02
100 1.95882559e-01 1.77661359e-01 7.35643646e-03 1.08647719e-02
101 1.93792090e-01 1.77073449e-01 5.93669200e-03 1.07819466e-02
102 1.97309643e-01 1.79761291e-01 6.74215145e-03 1.08061954e-02
103 1.92884371e-01 1.74961925e-01 7.15605635e-03 1.07663833e-02
104 1.99912548e-01 1.82463646e-01 6.60534669e-03 1.08435592e-02
105 1.91794500e-01 1.74234793e-01 6.34533074e-03 1.12143755e-02
106 1.89782247e-01 1.71806261e-01 6.72437157e-03 1.12516144e-02
107 1.94651574e-01 1.76836118e-01 7.02709332e-03 1.07883625e-02
108 1.91827551e-01 1.73960418e-01 6.67857658e-03 1.11885536e-02
109 1.96208224e-01 1.77240431e-01 7.19032157e-03 1.17774718e-02
110 2.00046241e-01 1.82075232e-01 6.41062576e-03 1.15603730e-02
111 1.93195403e-01 1.75033495e-01 6.39040116e-03 1.17715076e-02
112 2.04716936e-01 1.84207797e-01 7.32041756e-03 1.31887197e-02
113 1.98684379e-01 1.80633172e-01 6.11955626e-03 1.19316587e-02
114 1.97653830e-01 1.78990096e-01 6.45081559e-03 1.22129098e-02
115 1.93040401e-01 1.73240185e-01 7.03389291e-03 1.27663091e-02
116 1.99524820e-01 1.80903181e-01 6.35384349e-03 1.22678028e-02
117 1.95843384e-01 1.76777303e-01 6.53379131e-03 1.25322910e-02
118 1.92358330e-01 1.74415007e-01 6.00450067e-03 1.19388197e-02
119 1.92360967e-01 1.73970640e-01 6.17901143e-03 1.22113172e-02
120 1.95159122e-01 1.75429344e-01 7.22026732e-03 1.25095118e-02
121 1.93074852e-01 1.75440520e-01 5.73768653e-03 1.18966335e-02
122 1.90642998e-01 1.72309399e-01 6.10623695e-03 1.22273620e-02
123 1.94340736e-01 1.74748614e-01 6.64241053e-03 1.29496977e-02
124 2.00384483e-01 1.81973249e-01 5.78833232e-03 1.26229040e-02
125 1.90336511e-01 1.71732426e-01 6.33630715e-03 1.22677777e-02
126 1.92658246e-01 1.73483416e-01 6.19803742e-03 1.29767945e-02
127 1.92124411e-01 1.73724368e-01 5.92491962e-03 1.24751171e-02
128 1.95078060e-01 1.75314754e-01 6.57841470e-03 1.31848920e-02
129 1.89126447e-01 1.69217154e-01 6.82735536e-03 1.30819334e-02
130 1.92149743e-01 1.72826588e-01 6.04940951e-03 1.32737411e-02
131 1.92250520e-01 1.71528339e-01 6.91904873e-03 1.38031282e-02
132 1.86788946e-01 1.66722119e-01 6.50969613e-03 1.35571361e-02
133 1.93205550e-01 1.73502803e-01 6.29769918e-03 1.34050567e-02
134 1.90377101e-01 1.69784456e-01 6.85430970e-03 1.37383286e-02
135 1.90857723e-01 1.70323223e-01 6.54495321e-03 1.39895556e-02
136 1.88108206e-01 1.67811677e-01 6.31866883e-03 1.39778480e-02
137 1.97078854e-01 1.76014215e-01 6.84628077e-03 1.42183527e-02
138 1.95045039e-01 1.74993038e-01 6.29771035e-03 1.37542970e-02
139 1.88223362e-01 1.68001816e-01 6.46266434e-03 1.37588773e-02
140 1.90122992e-01 1.69174626e-01 6.86453469e-03 1.40838288e-02
141 1.92171693e-01 1.72533289e-01 6.01218687e-03 1.36262160e-02
142 1.90361440e-01 1.69465140e-01 6.79864362e-03 1.40976561e-02
143 1.86188310e-01 1.65812939e-01 6.83177821e-03 1.35435974e-02
144 1.89677805e-01 1.69112727e-01 6.45539723e-03 1.41096804e-02
145 1.86145812e-01 1.65066928e-01 6.64227968e-03 1.44365979e-02
146 1.85082182e-01 1.63914040e-01 6.65120129e-03 1.45169403e-02
147 1.91844463e-01 1.70818165e-01 6.74560992e-03 1.42806862e-02
148 1.90568805e-01 1.67901114e-01 7.37253111e-03 1.52951591e-02
149 1.85424060e-01 1.63873151e-01 6.51342422e-03 1.50374779e-02
150 1.82991207e-01 1.60756856e-01 7.02982210e-03 1.52045414e-02
151 1.84884399e-01 1.62346512e-01 6.65125670e-03 1.58866346e-02
152 1.88495666e-01 1.66229993e-01 6.95244735e-03 1.53132267e-02
153 1.86964393e-01 1.63854897e-01 6.84506074e-03 1.62644424e-02
154 1.85149536e-01 1.62079543e-01 7.56632118e-03 1.55036738e-02
155 1.84707001e-01 1.63108379e-01 6.59144670e-03 1.50071839e-02
156 1.85758844e-01 1.63484663e-01 7.08704349e-03 1.51871415e-02
157 1.85627252e-01 1.63991436e-01 6.51516113e-03 1.51206562e-02
158 1.85525730e-01 1.63581163e-01 6.68281969e-03 1.52617516e-02
159 1.89108446e-01 1.66108549e-01 6.89520594e-03 1.61046982e-02
160 1.84641674e-01 1.62174836e-01 6.59000268e-03 1.58768259e-02
161 1.84564039e-01 1.60974890e-01 7.16364617e-03 1.64255053e-02
162 1.86307117e-01 1.62658259e-01 7.70943752e-03 1.59394126e-02
163 1.82164043e-01 1.60495698e-01 6.50305534e-03 1.51652833e-02
164 1.83149233e-01 1.60511494e-01 6.71872217e-03 1.59190111e-02
165 1.83597311e-01 1.60619810e-01 6.58420287e-03 1.63933076e-02
166 1.82645544e-01 1.59753740e-01 6.60607219e-03 1.62857287e-02
167 1.85552150e-01 1.62308499e-01 6.77615684e-03 1.64675023e-02
168 1.85525775e-01 1.62316829e-01 7.31350016e-03 1.58954337e-02
169 1.83506668e-01 1.60634726e-01 6.45763334e-03 1.64143182e-02
170 1.84185326e-01 1.60940364e-01 6.55036513e-03 1.66945849e-02
171 1.83859333e-01 1.60477594e-01 6.64939545e-03 1.67323500e-02
172 1.83819920e-01 1.60929412e-01 6.77552773e-03 1.61149800e-02
173 1.84434399e-01 1.60444960e-01 6.85327966e-03 1.71361547e-02
174 1.79437160e-01 1.55655399e-01 6.63001696e-03 1.71517506e-02
175 1.81480557e-01 1.57907486e-01 6.42534252e-03 1.71477348e-02
176 1.83790326e-01 1.60476655e-01 6.39199512e-03 1.69216674e-02
177 1.82840914e-01 1.60173789e-01 6.18386641e-03 1.64832622e-02
178 1.78705573e-01 1.55041680e-01 6.81559369e-03 1.68482959e-02
179 1.80370972e-01 1.55809298e-01 6.79360051e-03 1.77680664e-02
180 1.83146298e-01 1.58873811e-01 7.03960378e-03 1.72328856e-02
181 1.78012922e-01 1.54745132e-01 6.39760261e-03 1.68701913e-02
182 1.84933007e-01 1.60892010e-01 6.64301822e-03 1.73979774e-02
183 1.81654498e-01 1.58000380e-01 6.72483444e-03 1.69292819e-02
184 1.81624472e-01 1.57611400e-01 6.54174993e-03 1.74713340e-02
185 1.81698814e-01 1.57554090e-01 6.15782244e-03 1.79869104e-02
186 1.84149832e-01 1.60909444e-01 6.38978463e-03 1.68506075e-02
187 1.79066390e-01 1.54849306e-01 6.55176397e-03 1.76653266e-02
188 1.82551265e-01 1.58467799e-01 6.45093573e-03 1.76325236e-02
189 1.78623587e-01 1.54436022e-01 6.77039474e-03 1.74171589e-02
190 1.81960553e-01 1.57951728e-01 6.58090785e-03 1.74279176e-02
191 1.79102182e-01 1.53515220e-01 7.18353968e-03 1.84034295e-02
192 1.77140325e-01 1.53341338e-01 6.01966586e-03 1.77793279e-02
193 1.81370303e-01 1.57266021e-01 6.84457598e-03 1.72597021e-02
194 1.77432477e-01 1.53253078e-01 6.61085499e-03 1.75685417e-02
195 1.79228812e-01 1.54634893e-01 6.56092400e-03 1.80329960e-02
196 1.78043991e-01 1.54067144e-01 6.42890250e-03 1.75479520e-02
197 1.81332439e-01 1.56329438e-01 7.18271919e-03 1.78202838e-02
198 1.82585701e-01 1.57255843e-01 6.91977702e-03 1.84100904e-02
199 1.80538774e-01 1.54517084e-01 7.26611353e-03 1.87555645e-02
200 1.77997097e-01 1.53437659e-01 6.31430419e-03 1.82451345e-02
201 1.79871365e-01 1.54931664e-01 7.08426395e-03 1.78554319e-02
202 1.77494287e-01 1.52470037e-01 6.76086266e-03 1.82633884e-02
203 1.79100424e-01 1.55271664e-01 6.45017158e-03 1.73785891e-02
204 1.76410735e-01 1.52150691e-01 6.64105220e-03 1.76189970e-02
205 1.75680280e-01 1.50722861e-01 6.52423501e-03 1.84331872e-02
206 1.77419364e-01 1.53036729e-01 6.25180081e-03 1.81308445e-02
207 1.74601987e-01 1.50631458e-01 6.43115770e-03 1.75393708e-02
208 1.75765783e-01 1.51806951e-01 6.57707639e-03 1.73817575e-02
209 1.76330626e-01 1.51977137e-01 6.56711776e-03 1.77863725e-02
210 1.75462037e-01 1.49591386e-01 7.30477972e-03 1.85658764e-02
211 1.74806327e-01 1.49126887e-01 7.15831341e-03 1.85211245e-02
212 1.74738646e-01 1.49542436e-01 6.59837946e-03 1.85978282e-02
213 1.78986996e-01 1.52513698e-01 7.71718426e-03 1.87561158e-02
214 1.77740842e-01 1.52236208e-01 6.70434255e-03 1.88002847e-02
215 1.83789119e-01 1.57784551e-01 7.29687512e-03 1.87076963e-02
216 1.78053811e-01 1.53491408e-01 6.31586974e-03 1.82465352e-02
217 1.75261155e-01 1.49685636e-01 7.15599209e-03 1.84195247e-02
218 1.76811799e-01 1.51693344e-01 7.00077601e-03 1.81176830e-02
219 1.77583352e-01 1.53096378e-01 6.10083342e-03 1.83861423e-02
220 1.72612354e-01 1.47622094e-01 6.22459408e-03 1.87656675e-02
221 1.77487567e-01 1.51409566e-01 6.48920564e-03 1.95887983e-02
222 1.81603596e-01 1.58254966e-01 5.44925593e-03 1.78993829e-02
223 1.76658109e-01 1.52802795e-01 5.78882545e-03 1.80664845e-02
224 1.76593453e-01 1.50501117e-01 6.64713327e-03 1.94452014e-02
225 1.79012030e-01 1.54171407e-01 5.74757997e-03 1.90930292e-02
226 1.78796321e-01 1.54029131e-01 5.91487903e-03 1.88523103e-02
227 1.74540862e-01 1.49775475e-01 6.09334558e-03 1.86720323e-02
228 1.76409200e-01 1.52970135e-01 5.68846986e-03 1.77505948e-02
229 1.74518421e-01 1.50193244e-01 5.92125719e-03 1.84039231e-02
230 1.75118804e-01 1.49990648e-01 5.90653392e-03 1.92216262e-02
231 1.72283083e-01 1.47269800e-01 6.07083598e-03 1.89424381e-02
232 1.73162982e-01 1.47733718e-01 5.97728370e-03 1.94519814e-02
233 1.70596272e-01 1.45106196e-01 6.16729911e-03 1.93227753e-02
234 1.76218823e-01 1.51354954e-01 5.88951400e-03 1.89743452e-02
235 1.71776325e-01 1.46620363e-01 5.96346287e-03 1.91925056e-02
236 1.72179267e-01 1.45900831e-01 6.16514217e-03 2.01132838e-02
237 1.73849195e-01 1.47914305e-01 5.74631430e-03 2.01885719e-02
238 1.72223046e-01 1.47051692e-01 6.00321824e-03 1.91681348e-02
239 1.76362753e-01 1.50561541e-01 6.55213790e-03 1.92490723e-02
240 1.72096729e-01 1.46721631e-01 5.96103072e-03 1.94140710e-02
241 1.75132185e-01 1.49064630e-01 5.99094387e-03 2.00766120e-02
242 1.69751346e-01 1.44008979e-01 5.75268129e-03 1.99896917e-02
243 1.72903180e-01 1.46862641e-01 6.03745319e-03 2.00030860e-02
244 1.74173772e-01 1.48406819e-01 5.77073125e-03 1.99962333e-02
245 1.67568818e-01 1.40688032e-01 6.00526296e-03 2.08755229e-02
246 1.70627862e-01 1.43889144e-01 6.35026488e-03 2.03884616e-02
247 1.70166820e-01 1.43364981e-01 5.58913779e-03 2.12127008e-02
248 1.68749407e-01 1.41936243e-01 5.59678301e-03 2.12163776e-02
249 1.64581686e-01 1.37465462e-01 5.62678417e-03 2.14894358e-02
250 1.66911438e-01 1.40707999e-01 5.41989692e-03 2.07835417e-02
251 1.64288700e-01 1.38395548e-01 5.11873420e-03 2.07744259e-02
252 1.63331628e-01 1.37253255e-01 5.38475625e-03 2.06936188e-02
253 1.67691976e-01 1.40347838e-01 5.69800846e-03 2.16461252e-02
254 1.62543818e-01 1.35605887e-01 5.39235026e-03 2.15455778e-02
255 1.63062543e-01 1.35047615e-01 5.68884937e-03 2.23260801e-02
256 1.63238972e-01 1.35303050e-01 5.43983001e-03 2.24960893e-02
257 1.64903477e-01 1.37130857e-01 6.06015930e-03 2.17124652e-02
258 1.62894934e-01 1.35709733e-01 5.62365027e-03 2.15615407e-02
259 1.61439240e-01 1.33524671e-01 5.78048173e-03 2.21340731e-02
260 1.62381917e-01 1.34004265e-01 5.88702457e-03 2.24906206e-02
261 1.60831690e-01 1.32345289e-01 6.10278733e-03 2.23836135e-02
262 1.63347840e-01 1.34091944e-01 6.31656405e-03 2.29393467e-02
263 1.63644224e-01 1.35306537e-01 5.22611011e-03 2.31115744e-02
264 1.62541404e-01 1.33617744e-01 5.64836897e-03 2.32752897e-02
265 1.62446886e-01 1.33561224e-01 5.10520348e-03 2.37804651e-02
266 1.63422778e-01 1.34723693e-01 5.18495496e-03 2.35141385e-02
267 1.61549136e-01 1.33692741e-01 4.88083903e-03 2.29755435e-02
268 1.64507225e-01 1.36351556e-01 5.31684048e-03 2.28388309e-02
269 1.60539642e-01 1.32468194e-01 5.15291002e-03 2.29185410e-02
270 1.60361066e-01 1.32231697e-01 5.27458452e-03 2.28547957e-02
271 1.61437243e-01 1.32793590e-01 4.96876799e-03 2.36748923e-02
272 1.61444098e-01 1.33304685e-01 4.49444214e-03 2.36449745e-02
273 1.60223112e-01 1.31317973e-01 4.94176196e-03 2.39633825e-02
274 1.63337320e-01 1.33997068e-01 5.48827602e-03 2.38519739e-02
275 1.61950886e-01 1.32208422e-01 5.16469497e-03 2.45777629e-02
276 1.59103096e-01 1.28988668e-01 5.23422053e-03 2.48802081e-02
277 1.62371323e-01 1.32214129e-01 5.00536663e-03 2.51518283e-02
278 1.57514483e-01 1.27834439e-01 4.73660836e-03 2.49434449e-02
279 1.63547844e-01 1.33851245e-01 4.80996631e-03 2.48866454e-02
280 1.57346174e-01 1.27467170e-01 4.98532597e-03 2.48936731e-02
281 1.57639831e-01 1.28055423e-01 4.54155216e-03 2.50428580e-02
282 1.59555227e-01 1.30076781e-01 4.62403055e-03 2.48544142e-02
283 1.60843357e-01 1.31641537e-01 4.39933501e-03 2.48024929e-02
284 1.59098953e-01 1.29252002e-01 4.42957692e-03 2.54173800e-02
285 1.59874007e-01 1.30879819e-01 4.02222294e-03 2.49719620e-02
286 1.58455312e-01 1.29015088e-01 4.75431606e-03 2.46859007e-02
287 1.58772737e-01 1.29538342e-01 4.44494328e-03 2.47894526e-02
288 1.59082487e-01 1.30680591e-01 4.06267494e-03 2.43392196e-02
289 1.57613024e-01 1.27844706e-01 4.78857290e-03 2.49797404e-02
290 1.56882092e-01 1.28182724e-01 4.18957183e-03 2.45098062e-02
291 1.57306179e-01 1.28351256e-01 4.27945424e-03 2.46754698e-02
292 1.58239007e-01 1.28288224e-01 4.43658745e-03 2.55142003e-02
293 1.57054663e-01 1.27011538e-01 4.73768357e-03 2.53054388e-02
294 1.57536864e-01 1.27390549e-01 4.70308727e-03 2.54432224e-02
295 1.56477675e-01 1.26761705e-01 4.27243346e-03 2.54435390e-02
296 1.56111449e-01 1.26120806e-01 4.07808274e-03 2.59125512e-02
297 1.55304119e-01 1.24584749e-01 3.85819422e-03 2.68611815e-02
298 1.56235978e-01 1.26102954e-01 3.97366844e-03 2.61593573e-02
299 1.51671678e-01 1.21533900e-01 3.98994982e-03 2.61478350e-02
300 1.58005446e-01 1.27308369e-01 4.26586717e-03 2.64312085e-02
301 1.53280497e-01 1.22448295e-01 4.40369919e-03 2.64284983e-02
302 1.55608252e-01 1.24351814e-01 4.27117990e-03 2.69852523e-02
303 1.55809492e-01 1.25033915e-01 4.13130503e-03 2.66442746e-02
304 1.54868573e-01 1.23628415e-01 3.97099834e-03 2.72691566e-02
305 1.56554490e-01 1.25748977e-01 4.40285727e-03 2.64026448e-02
306 1.53296798e-01 1.23263024e-01 3.82323260e-03 2.62105465e-02
307 1.53604671e-01 1.23620339e-01 3.60650010e-03 2.63778269e-02
308 1.54811293e-01 1.23586789e-01 4.12099995e-03 2.71034986e-02
309 1.51645243e-01 1.19614519e-01 3.96508630e-03 2.80656293e-02
310 1.53345257e-01 1.22050241e-01 4.22342075e-03 2.70715989e-02
311 1.52286693e-01 1.20098963e-01 4.36527235e-03 2.78224573e-02
312 1.52346417e-01 1.20988004e-01 4.01133718e-03 2.73470748e-02
313 1.51365101e-01 1.19221196e-01 4.18623118e-03 2.79576797e-02
314 1.53109148e-01 1.20505802e-01 4.51280689e-03 2.80905329e-02
315 1.53728485e-01 1.21860355e-01 4.57163760e-03 2.72965021e-02
316 1.50056615e-01 1.17708787e-01 4.22680750e-03 2.81210281e-02
317 1.51263088e-01 1.19639412e-01 4.03357390e-03 2.75901090e-02
318 1.50385410e-01 1.18346795e-01 4.25768550e-03 2.77809240e-02
319 1.49772421e-01 1.17112979e-01 4.04961361e-03 2.86098216e-02
320 1.50233418e-01 1.18974760e-01 3.46509111e-03 2.77935583e-02
321 1.51024610e-01 1.19356491e-01 3.83302034e-03 2.78351009e-02
322 1.51663497e-01 1.19848229e-01 3.98746645e-03 2.78277993e-02
323 1.50976703e-01 1.19400069e-01 3.79246566e-03 2.77841669e-02
324 1.48902893e-01 1.17067963e-01 3.59435240e-03 2.82405782e-02
325 1.49582148e-01 1.17506191e-01 4.00874903e-03 2.80672107e-02
326 1.46888435e-01 1.14890531e-01 3.60720279e-03 2.83907000e-02
327 1.49710625e-01 1.17480733e-01 3.67425475e-03 2.85556465e-02
328 1.49287194e-01 1.17275082e-01 3.85496253e-03 2.81571541e-02
329 1.49829566e-01 1.17406204e-01 3.80363548e-03 2.86197327e-02
330 1.50651842e-01 1.18551962e-01 3.45980423e-03 2.86400691e-02
331 1.48825705e-01 1.16162151e-01 3.61532951e-03 2.90482342e-02
332 1.48370698e-01 1.15974024e-01 3.49781802e-03 2.88988594e-02
333 1.49130955e-01 1.16829157e-01 3.83231533e-03 2.84694768e-02
334 1.48841560e-01 1.16640151e-01 3.65788396e-03 2.85435319e-02
335 1.50286719e-01 1.18057609e-01 3.52848414e-03 2.87006237e-02
336 1.48503721e-01 1.15684658e-01 3.64892161e-03 2.91701481e-02
337 1.46747604e-01 1.13365233e-01 3.88308242e-03 2.94992868e-02
338 1.47780016e-01 1.14419580e-01 4.09506075e-03 2.92653758e-02
339 1.46945566e-01 1.14064880e-01 3.81304417e-03 2.90676411e-02
340 1.45877793e-01 1.12475023e-01 3.45025840e-03 2.99525112e-02
341 1.47189021e-01 1.14393145e-01 3.69383115e-03 2.91020479e-02
342 1.46666557e-01 1.13633260e-01 3.67827085e-03 2.93550212e-02
343 1.45321548e-01 1.12501584e-01 3.51932179e-03 2.93006375e-02
344 1.47620812e-01 1.13729894e-01 3.52355698e-03 3.03673595e-02
345 1.46234110e-01 1.13035917e-01 3.46029666e-03 2.97379009e-02
346 1.47038952e-01 1.13562770e-01 3.00318748e-03 3.04729994e-02
347 1.45172030e-01 1.12007543e-01 3.12503520e-03 3.00394483e-02
348 1.46686345e-01 1.13047250e-01 3.24343075e-03 3.03956717e-02
349 1.46086916e-01 1.12285659e-01 3.53537966e-03 3.02658807e-02
350 1.45882234e-01 1.12085938e-01 3.60283861e-03 3.01934611e-02
351 1.45540252e-01 1.11053929e-01 3.30158137e-03 3.11847348e-02
352 1.43339366e-01 1.09813839e-01 3.16833472e-03 3.03571969e-02
353 1.45454794e-01 1.11608997e-01 3.31971515e-03 3.05260867e-02
354 1.46602303e-01 1.11963466e-01 3.41898436e-03 3.12198512e-02
355 1.44403160e-01 1.10063396e-01 3.36570339e-03 3.09740677e-02
356 1.44531384e-01 1.10083371e-01 3.22535029e-03 3.12226620e-02
357 1.44289806e-01 1.09748654e-01 3.22308508e-03 3.13180722e-02
358 1.44881994e-01 1.09350286e-01 3.64323519e-03 3.18884626e-02
359 1.43029749e-01 1.09308518e-01 3.10957502e-03 3.06116566e-02
360 1.44047022e-01 1.10046349e-01 3.50644439e-03 3.04942206e-02
361 1.43928289e-01 1.08720616e-01 3.41566885e-03 3.17920148e-02
362 1.43390998e-01 1.09094784e-01 3.39068426e-03 3.09055299e-02
363 1.44000620e-01 1.08242400e-01 3.53522925e-03 3.22229862e-02
364 1.42047599e-01 1.06688410e-01 3.38543602e-03 3.19737457e-02
365 1.44713342e-01 1.08484112e-01 3.74503480e-03 3.24841961e-02
366 1.44823849e-01 1.09203331e-01 3.39976232e-03 3.22207510e-02
367 1.42678231e-01 1.06842570e-01 3.38077685e-03 3.24548855e-02
368 1.42500788e-01 1.07341200e-01 3.23194405e-03 3.19276527e-02
369 1.42269686e-01 1.07013665e-01 3.10000777e-03 3.21560130e-02
370 1.40787169e-01 1.04855090e-01 2.97640683e-03 3.29556689e-02
371 1.43267304e-01 1.07733257e-01 3.41401063e-03 3.21200341e-02
372 1.39456540e-01 1.03875443e-01 3.21122049e-03 3.23698819e-02
373 1.42517939e-01 1.07217848e-01 2.98605580e-03 3.23140360e-02
374 1.42657369e-01 1.06852084e-01 3.25674261e-03 3.25485393e-02
375 1.42243698e-01 1.06222086e-01 3.22293863e-03 3.27986777e-02
376 1.41622707e-01 1.05992012e-01 3.22596636e-03 3.24047282e-02
377 1.41565442e-01 1.04358345e-01 3.45554994e-03 3.37515399e-02
378 1.40416563e-01 1.04653254e-01 3.27142328e-03 3.24918851e-02
379 1.44471020e-01 1.07600242e-01 3.04074446e-03 3.38300355e-02
380 1.40557930e-01 1.04130685e-01 3.07438476e-03 3.33528630e-02
381 1.40816376e-01 1.04245231e-01 3.00355814e-03 3.35675851e-02
382 1.40483215e-01 1.03574425e-01 3.20076337e-03 3.37080248e-02
383 1.40756518e-01 1.04319379e-01 3.23032751e-03 3.32068093e-02
384 1.40491366e-01 1.04499355e-01 3.22196959e-03 3.27700414e-02
385 1.41682729e-01 1.05061479e-01 3.08962306e-03 3.35316285e-02
386 1.41808748e-01 1.04836263e-01 2.93685170e-03 3.40356380e-02
387 1.41618267e-01 1.04387969e-01 2.93419696e-03 3.42960991e-02
388 1.40845776e-01 1.03907347e-01 3.04570142e-03 3.38927358e-02
389 1.41731903e-01 1.04850329e-01 3.17274220e-03 3.37088369e-02
390 1.41612381e-01 1.03913702e-01 3.06377094e-03 3.46349031e-02
391 1.41627684e-01 1.03249803e-01 3.13626975e-03 3.52416113e-02
392 1.41186550e-01 1.03413068e-01 3.20599484e-03 3.45674902e-02
393 1.41393572e-01 1.04916431e-01 3.33879818e-03 3.31383459e-02
394 1.40428245e-01 1.03339516e-01 3.06152483e-03 3.40271965e-02
395 1.40053257e-01 1.03324704e-01 2.90835998e-03 3.38201970e-02
396 1.38666704e-01 1.02277756e-01 2.83167372e-03 3.35572734e-02
397 1.40431568e-01 1.03578083e-01 3.04594007e-03 3.38075422e-02
398 1.39964074e-01 1.01861633e-01 2.94390740e-03 3.51585336e-02
399 1.41378060e-01 1.04458846e-01 2.83031864e-03 3.40888947e-02
400 1.39235139e-01 1.02269903e-01 2.89403321e-03 3.40712033e-02
401 1.38651848e-01 1.01113886e-01 3.03550903e-03 3.45024578e-02
402 1.39603794e-01 1.02258489e-01 2.82766297e-03 3.45176496e-02
403 1.39211684e-01 1.01476230e-01 2.95631820e-03 3.47791351e-02
404 1.38954803e-01 1.00725666e-01 2.87382770e-03 3.53553072e-02
405 1.37540564e-01 9.93506461e-02 2.62086210e-03 3.55690531e-02
406 1.39402628e-01 1.00734532e-01 2.93904520e-03 3.57290432e-02
407 1.39512718e-01 1.00844115e-01 3.00961360e-03 3.56589854e-02
408 1.38917893e-01 1.00023851e-01 2.97256163e-03 3.59214805e-02
409 1.38734773e-01 1.00879446e-01 3.40512116e-03 3.44502032e-02
410 1.39537811e-01 1.01877138e-01 3.15012387e-03 3.45105492e-02
411 1.38039380e-01 9.88133848e-02 3.16271093e-03 3.60632837e-02
412 1.39127806e-01 1.00934103e-01 3.13401036e-03 3.50596868e-02
413 1.38341516e-01 1.00963339e-01 2.76185805e-03 3.46163176e-02
414 1.39362678e-01 1.01119108e-01 2.96236109e-03 3.52812149e-02
415 1.37879223e-01 9.92700830e-02 2.73974752e-03 3.58693972e-02
416 1.36951059e-01 9.85763073e-02 3.23586306e-03 3.51388864e-02
417 1.37511149e-01 9.85653475e-02 2.89515126e-03 3.60506512e-02
418 1.40209645e-01 1.01911917e-01 2.65599880e-03 3.56417224e-02
419 1.37785628e-01 9.97692198e-02 2.77991267e-03 3.52364965e-02
420 1.39781982e-01 1.00398690e-01 2.92785768e-03 3.64554375e-02
421 1.37058347e-01 9.82226878e-02 3.18393717e-03 3.56517136e-02
422 1.38200521e-01 9.96137485e-02 2.65868660e-03 3.59280854e-02
423 1.37759030e-01 9.89490971e-02 2.94237281e-03 3.58675495e-02
424 1.37467921e-01 9.90986824e-02 3.01546464e-03 3.53537649e-02
425 1.37494773e-01 9.84096825e-02 2.96500837e-03 3.61200869e-02
426 1.36115134e-01 9.77557153e-02 3.02279391e-03 3.53366174e-02
427 1.36199236e-01 9.71389115e-02 2.98551773e-03 3.60748172e-02
428 1.35630414e-01 9.68726128e-02 3.04405298e-03 3.57137434e-02
429 1.36815995e-01 9.81557816e-02 3.18056019e-03 3.54796574e-02
430 1.36398613e-01 9.76437405e-02 2.93133594e-03 3.58235464e-02
431 1.36278525e-01 9.64852422e-02 2.81789107e-03 3.69753875e-02
432 1.35960221e-01 9.64605063e-02 2.83991825e-03 3.66598032e-02
433 1.34994105e-01 9.53755602e-02 2.82737473e-03 3.67911719e-02
434 1.36164486e-01 9.77333561e-02 2.71207141e-03 3.57190557e-02
435 1.37958258e-01 9.82326046e-02 3.17381578e-03 3.65518443e-02
436 1.35635197e-01 9.60868150e-02 2.80235545e-03 3.67460325e-02
437 1.39025688e-01 9.91778895e-02 2.99688755e-03 3.68509144e-02
438 1.35312945e-01 9.67705548e-02 2.82514933e-03 3.57172452e-02
439 1.35176957e-01 9.64967683e-02 2.80183787e-03 3.58783603e-02
440 1.37285352e-01 9.70037133e-02 2.90303910e-03 3.73786017e-02
441 1.36924013e-01 9.79355201e-02 2.80716550e-03 3.61813270e-02
442 1.37020707e-01 9.69165415e-02 2.86830752e-03 3.72358523e-02
443 1.36653200e-01 9.65393633e-02 2.68518203e-03 3.74286547e-02
444 1.33489072e-01 9.45565999e-02 2.89379340e-03 3.60386819e-02
445 1.36429161e-01 9.74844620e-02 2.78371200e-03 3.61609906e-02
446 1.35972947e-01 9.62396041e-02 2.80025927e-03 3.69330905e-02
447 1.35160446e-01 9.59919915e-02 3.00404057e-03 3.61644179e-02
448 1.36267871e-01 9.72986817e-02 2.72091106e-03 3.62482741e-02
449 1.35260895e-01 9.61424783e-02 2.55895895e-03 3.65594551e-02
450 1.35688305e-01 9.50666517e-02 2.91493186e-03 3.77067216e-02
451 1.34499401e-01 9.45591182e-02 2.98167439e-03 3.69586013e-02
452 1.34805202e-01 9.51697081e-02 2.79673748e-03 3.68387513e-02
453 1.34932742e-01 9.57332328e-02 2.74663744e-03 3.64528745e-02
454 1.36489928e-01 9.70031917e-02 2.58445065e-03 3.69022936e-02
455 1.34955138e-01 9.49865878e-02 2.59476039e-03 3.73737924e-02
456 1.36383101e-01 9.66128930e-02 2.52830284e-03 3.72419097e-02
457 1.35784373e-01 9.63079408e-02 2.65807519e-03 3.68183516e-02
458 1.34696409e-01 9.44838822e-02 2.94530671e-03 3.72672230e-02
459 1.34293929e-01 9.38867405e-02 2.59942003e-03 3.78077701e-02
460 1.34780630e-01 9.44840834e-02 2.73843715e-03 3.75581086e-02
461 1.33861408e-01 9.35944766e-02 2.67474167e-03 3.75921912e-02
462 1.33875817e-01 9.43131521e-02 2.68398551e-03 3.68786827e-02
463 1.34300888e-01 9.40391198e-02 2.55249953e-03 3.77092585e-02
464 1.33818060e-01 9.32285935e-02 2.56117037e-03 3.80282961e-02
465 1.34004548e-01 9.37135741e-02 2.63612485e-03 3.76548432e-02
466 1.35510132e-01 9.31134373e-02 2.59404979e-03 3.98026519e-02
467 1.34950161e-01 9.44204926e-02 2.42151367e-03 3.81081589e-02
468 1.35251820e-01 9.41071287e-02 2.61947559e-03 3.85252200e-02
469 1.34196669e-01 9.42949355e-02 2.45120889e-03 3.74505259e-02
470 1.34298429e-01 9.48936865e-02 2.51949462e-03 3.68852504e-02
471 1.34194434e-01 9.39966664e-02 2.50769081e-03 3.76900695e-02
472 1.32427767e-01 9.32470709e-02 2.76926206e-03 3.64114381e-02
473 1.34948969e-01 9.37439203e-02 2.87344563e-03 3.83316129e-02
474 1.35037169e-01 9.39645618e-02 2.64178519e-03 3.84308249e-02
475 1.34210899e-01 9.35231298e-02 2.66085332e-03 3.80269140e-02
476 1.34556845e-01 9.29886773e-02 2.58915802e-03 3.89790088e-02
477 1.34867862e-01 9.44862887e-02 2.56164884e-03 3.78199220e-02
478 1.34964168e-01 9.43936557e-02 2.68962653e-03 3.78808826e-02
479 1.32776245e-01 9.25110653e-02 2.69233226e-03 3.75728495e-02
480 1.32454678e-01 9.16252732e-02 2.74768891e-03 3.80817093e-02
481 1.34388998e-01 9.32031497e-02 2.65294407e-03 3.85329090e-02
482 1.34353802e-01 9.40248221e-02 2.69567827e-03 3.76333036e-02
483 1.34921312e-01 9.23628509e-02 2.76706461e-03 3.97913903e-02
484 1.33588284e-01 9.33180600e-02 2.46304832e-03 3.78071666e-02
485 1.33210391e-01 9.30439830e-02 2.51772278e-03 3.76486853e-02
486 1.36332825e-01 9.51853022e-02 2.74994271e-03 3.83975767e-02
487 1.33752495e-01 9.32565629e-02 2.65157875e-03 3.78443561e-02
488 1.32599279e-01 9.11695659e-02 2.80482229e-03 3.86248864e-02
489 1.32860988e-01 9.16382372e-02 2.71012541e-03 3.85126248e-02
490 1.33462250e-01 9.20739174e-02 2.59938487e-03 3.87889519e-02
491 1.33062273e-01 9.18948203e-02 2.60173762e-03 3.85657102e-02
492 1.33013576e-01 9.15250704e-02 2.55050184e-03 3.89380008e-02
493 1.33104354e-01 9.23936069e-02 2.78281537e-03 3.79279368e-02
494 1.32070526e-01 9.06943902e-02 2.61362223e-03 3.87625210e-02
495 1.33498669e-01 9.25499722e-02 2.56841304e-03 3.83802727e-02
496 1.34332478e-01 9.25446078e-02 2.59643607e-03 3.91914286e-02
497 1.33622721e-01 9.26657692e-02 2.58707604e-03 3.83698754e-02
498 1.33923322e-01 9.14473236e-02 2.49885628e-03 3.99771407e-02
499 1.31894857e-01 9.10263211e-02 2.35399511e-03 3.85145433e-02
500 1.33828521e-01 9.12974626e-02 2.56536109e-03 3.99656929e-02
