# step L_total L_int L_bdry L_orth L_gradation
1 1.08392334e+01 1.08392334e+01 0.00000000e+00 0.00000000e+00 0.00000000e+00
2 1.08463697e+01 1.08192005e+01 1.42655782e-02 1.29036400e-02 0.00000000e+00
3 1.08201475e+01 1.08001060e+01 1.48315346e-02 5.20976633e-03 0.00000000e+00
4 1.08395967e+01 1.07543316e+01 5.53044416e-02 2.99604386e-02 0.00000000e+00
5 1.08511381e+01 1.07878418e+01 4.32380885e-02 2.00582501e-02 0.00000000e+00
6 1.08047800e+01 1.07952547e+01 7.93572795e-03 1.58940617e-03 0.00000000e+00
7 1.08817301e+01 1.08660402e+01 8.21352750e-03 7.47557217e-03 0.00000000e+00
8 1.06030445e+01 1.06008339e+01 1.65971671e-03 5.51592151e-04 0.00000000e+00
9 1.08216076e+01 1.07611542e+01 3.44582275e-02 2.59950440e-02 0.00000000e+00
10 1.08108473e+01 1.06977673e+01 7.45495856e-02 3.85300927e-02 0.00000000e+00
11 1.00143518e+01 9.90907764e+00 8.95033851e-02 1.57709550e-02 0.00000000e+00
12 1.10264425e+01 1.08290443e+01 1.72002643e-01 2.53954958e-02 0.00000000e+00
13 9.62583351e+00 9.49517727e+00 1.09262988e-01 2.13932544e-02 0.00000000e+00
14 1.14655714e+01 1.13970156e+01 5.58343902e-02 1.27209304e-02 0.00000000e+00
15 1.02912664e+01 1.02636499e+01 2.00265739e-02 7.59049086e-03 0.00000000e+00
16 1.08441763e+01 1.08334522e+01 6.82675652e-03 3.89719894e-03 0.00000000e+00
17 1.05710316e+01 1.05623693e+01 7.28297839e-03 1.37913763e-03 0.00000000e+00
18 1.08393488e+01 1.08258972e+01 1.21339969e-02 1.31783402e-03 0.00000000e+00
19 1.08404799e+01 1.08277588e+01 1.16891908e-02 1.03158958e-03 0.00000000e+00
20 1.07211256e+01 1.07139902e+01 6.50916202e-03 6.26146095e-04 0.00000000e+00
21 1.08088083e+01 1.08063231e+01 2.21201289e-03 2.73514801e-04 0.00000000e+00
22 1.06661024e+01 1.06655512e+01 4.12447582e-04 1.39423515e-04 0.00000000e+00
23 1.06550531e+01 1.06540909e+01 8.06033611e-04 1.56536364e-04 0.00000000e+00
24 1.06954041e+01 1.06917992e+01 3.18789319e-03 4.16642608e-04 0.00000000e+00
25 1.08252020e+01 1.08169022e+01 7.30171101e-03 9.98468953e-04 0.00000000e+00
26 1.05712729e+01 1.05572090e+01 1.22592682e-02 1.80396950e-03 0.00000000e+00
27 1.06125860e+01 1.05905151e+01 1.87397879e-02 3.33082024e-03 0.00000000e+00
28 1.07750950e+01 1.07445049e+01 2.39849649e-02 6.60497742e-03 0.00000000e+00
29 1.08255110e+01 1.07819510e+01 3.30627970e-02 1.04973903e-02 0.00000000e+00
30 1.07298145e+01 1.06791019e+01 3.81736532e-02 1.25385951e-02 0.00000000e+00
31 1.08292370e+01 1.07801580e+01 3.65116782e-02 1.25679011e-02 0.00000000e+00
32 1.05983696e+01 1.05580826e+01 3.07316519e-02 9.55574214e-03 0.00000000e+00
33 1.06842184e+01 1.06536961e+01 2.36917250e-02 6.83033559e-03 0.00000000e+00
34 1.06704206e+01 1.06482353e+01 1.88823417e-02 3.30277788e-03 0.00000000e+00
35 1.08198967e+01 1.08052015e+01 1.29037360e-02 1.79113762e-03 0.00000000e+00
36 1.04379120e+01 1.04318695e+01 5.18292561e-03 8.58929590e-04 0.00000000e+00
37 9.65466309e+00 9.65143108e+00 2.72302027e-03 5.09727048e-04 0.00000000e+00
38 1.08480453e+01 1.08361216e+01 9.26873367e-03 2.65530800e-03 0.00000000e+00
39 1.09727850e+01 1.09511261e+01 1.66894719e-02 4.96972585e-03 0.00000000e+00
40 1.09728603e+01 1.09480963e+01 1.96431447e-02 5.12164133e-03 0.00000000e+00
41 1.09210072e+01 1.09062490e+01 1.19769657e-02 2.78072036e-03 0.00000000e+00
42 1.08066177e+01 1.08024387e+01 3.58652696e-03 5.92503755e-04 0.00000000e+00
43 9.65657139e+00 9.65448761e+00 1.56812277e-03 5.15952357e-04 0.00000000e+00
44 1.06074276e+01 1.05937090e+01 7.96359498e-03 5.75496908e-03 0.00000000e+00
45 1.03440580e+01 1.03199911e+01 1.32366531e-02 1.08295903e-02 0.00000000e+00
46 1.08106365e+01 1.07776337e+01 1.75672490e-02 1.54355559e-02 0.00000000e+00
47 1.07784367e+01 1.07421885e+01 1.95244066e-02 1.67237297e-02 0.00000000e+00
48 9.79869366e+00 9.76578712e+00 1.77663248e-02 1.51409972e-02 0.00000000e+00
49 1.08131342e+01 1.07885122e+01 1.45627549e-02 1.00592328e-02 0.00000000e+00
50 1.04403315e+01 1.04211864e+01 1.28979636e-02 6.24771556e-03 0.00000000e+00
51 1.08464966e+01 1.08308067e+01 1.32127870e-02 2.47699325e-03 0.00000000e+00
52 9.46177959e+00 9.44388390e+00 1.66840330e-02 1.21193728e-03 0.00000000e+00
53 1.05655184e+01 1.05499163e+01 1.41384965e-02 1.46395201e-03 0.00000000e+00
54 1.04994879e+01 1.04869213e+01 9.82191227e-03 2.74442602e-03 0.00000000e+00
55 1.04274988e+01 1.04138632e+01 8.72997288e-03 4.90549253e-03 0.00000000e+00
56 1.04267130e+01 1.04026432e+01 1.56247737e-02 8.44480563e-03 0.00000000e+00
57 1.04412136e+01 1.04025164e+01 2.64914446e-02 1.22064976e-02 0.00000000e+00
58 9.86749363e+00 9.83772850e+00 2.08988823e-02 8.86673015e-03 0.00000000e+00
59 1.03398876e+01 1.03033123e+01 2.69192234e-02 9.65602882e-03 0.00000000e+00
60 1.08367586e+01 1.07953100e+01 3.09481602e-02 1.05008585e-02 0.00000000e+00
61 1.02465410e+01 1.02133284e+01 2.51675993e-02 8.04554857e-03 0.00000000e+00
62 1.04727631e+01 1.04436893e+01 2.29808651e-02 6.09315839e-03 0.00000000e+00
63 1.09822321e+01 1.09664221e+01 1.27039514e-02 3.10635287e-03 0.00000000e+00
64 1.09486265e+01 1.09411631e+01 5.58190094e-03 1.88150175e-03 0.00000000e+00
65 1.06966391e+01 1.06844578e+01 8.08237959e-03 4.09849081e-03 0.00000000e+00
66 1.06592197e+01 1.06379538e+01 1.41560212e-02 7.10977847e-03 0.00000000e+00
67 1.08756685e+01 1.08556156e+01 1.40709905e-02 5.98153612e-03 0.00000000e+00
68 1.07928295e+01 1.07797146e+01 9.33781732e-03 3.77714820e-03 0.00000000e+00
69 1.08326111e+01 1.08257027e+01 5.22915414e-03 1.67906540e-03 0.00000000e+00
70 1.08577528e+01 1.08535833e+01 3.31581989e-03 8.53147707e-04 0.00000000e+00
71 1.05466099e+01 1.05424242e+01 3.15601053e-03 1.02954370e-03 0.00000000e+00
72 1.01941605e+01 1.01877193e+01 4.51357057e-03 1.92772446e-03 0.00000000e+00
73 1.08780470e+01 1.08639183e+01 9.33718029e-03 4.79135802e-03 0.00000000e+00
74 1.01013651e+01 1.00827312e+01 1.18484935e-02 6.78502675e-03 0.00000000e+00
75 1.07454023e+01 1.07251396e+01 1.25244521e-02 7.73853017e-03 0.00000000e+00
76 1.06153765e+01 1.05952873e+01 1.25678470e-02 7.52150593e-03 0.00000000e+00
77 1.00543232e+01 1.00369978e+01 1.12320948e-02 6.09325804e-03 0.00000000e+00
78 1.06659899e+01 1.06465292e+01 1.37171187e-02 5.74416760e-03 0.00000000e+00
79 1.08431234e+01 1.08239679e+01 1.42498799e-02 4.90614166e-03 0.00000000e+00
80 1.08437214e+01 1.08269491e+01 1.35881342e-02 3.18470132e-03 0.00000000e+00
81 1.05260839e+01 1.05081177e+01 1.60531905e-02 1.91286998e-03 0.00000000e+00
82 9.86208439e+00 9.84470177e+00 1.58719011e-02 1.51023059e-03 0.00000000e+00
83 1.08202152e+01 1.08017216e+01 1.70630142e-02 1.43070414e-03 0.00000000e+00
84 1.07156391e+01 1.07008619e+01 1.35615235e-02 1.21600914e-03 0.00000000e+00
85 1.05938005e+01 1.05841331e+01 8.79127067e-03 8.76100617e-04 0.00000000e+00
86 1.07616472e+01 1.07541485e+01 6.88336277e-03 6.15510507e-04 0.00000000e+00
87 1.01458235e+01 1.01414118e+01 4.01382102e-03 3.97849508e-04 0.00000000e+00
88 1.05822096e+01 1.05794497e+01 2.15222500e-03 6.07150665e-04 0.00000000e+00
89 1.08856783e+01 1.08823652e+01 2.04461906e-03 1.26813434e-03 0.00000000e+00
90 1.03867702e+01 1.03816204e+01 3.11796367e-03 2.03218870e-03 0.00000000e+00
91 1.06424990e+01 1.06352711e+01 4.49512340e-03 2.73315120e-03 0.00000000e+00
92 1.08854771e+01 1.08786030e+01 4.32368414e-03 2.55038380e-03 0.00000000e+00
93 9.96848297e+00 9.96450233e+00 2.41819769e-03 1.56251679e-03 0.00000000e+00
94 9.91696453e+00 9.91449928e+00 1.56789052e-03 8.97765043e-04 0.00000000e+00
95 1.09598351e+01 1.09551935e+01 2.94395466e-03 1.69765588e-03 0.00000000e+00
96 1.05055742e+01 1.05001030e+01 3.50808143e-03 1.96363428e-03 0.00000000e+00
97 1.05850048e+01 1.05787306e+01 4.09738300e-03 2.17753486e-03 0.00000000e+00
98 1.03322001e+01 1.03250618e+01 4.66524437e-03 2.47328565e-03 0.00000000e+00
99 1.09459620e+01 1.09396591e+01 4.38798685e-03 1.91470957e-03 0.00000000e+00
100 9.30202866e+00 9.29706669e+00 3.76187079e-03 1.20000856e-03 0.00000000e+00
101 1.06187658e+01 1.06132231e+01 4.79800021e-03 7.45049445e-04 0.00000000e+00
102 9.71857452e+00 9.71155643e+00 6.52020378e-03 4.98067704e-04 0.00000000e+00
103 1.01516485e+01 1.01377439e+01 1.30920652e-02 8.12187616e-04 0.00000000e+00
104 9.60456944e+00 9.58355522e+00 1.95833519e-02 1.43031799e-03 0.00000000e+00
105 9.48088837e+00 9.46207047e+00 1.79058108e-02 9.11775802e-04 0.00000000e+00
106 1.00666962e+01 1.00448704e+01 2.07934845e-02 1.03233324e-03 0.00000000e+00
107 1.05609961e+01 1.05375214e+01 2.25868486e-02 8.87597678e-04 0.00000000e+00
108 1.07720976e+01 1.07515841e+01 1.97813213e-02 7.32442189e-04 0.00000000e+00
109 1.01144648e+01 1.00992250e+01 1.44527946e-02 7.86692079e-04 0.00000000e+00
110 1.08379726e+01 1.08252726e+01 1.15853781e-02 1.11455622e-03 0.00000000e+00
111 1.01187592e+01 1.01091852e+01 7.88329821e-03 1.69110100e-03 0.00000000e+00
112 1.06193256e+01 1.06097612e+01 7.59693142e-03 1.96699100e-03 0.00000000e+00
113 1.09447422e+01 1.09348440e+01 7.26543926e-03 2.63305870e-03 0.00000000e+00
114 1.10452900e+01 1.10342741e+01 6.52914960e-03 4.48698737e-03 0.00000000e+00
115 1.05194769e+01 1.05011520e+01 1.12513723e-02 7.07311183e-03 0.00000000e+00
116 1.08066254e+01 1.07750835e+01 2.01797709e-02 1.13618374e-02 0.00000000e+00
117 1.06170568e+01 1.05807419e+01 2.49043051e-02 1.14106620e-02 0.00000000e+00
118 1.01859446e+01 1.01680775e+01 1.18976636e-02 5.96914906e-03 0.00000000e+00
119 1.05590248e+01 1.05502253e+01 5.28425071e-03 3.51547357e-03 0.00000000e+00
120 1.02733021e+01 1.02675734e+01 2.97748484e-03 2.75117555e-03 0.00000000e+00
121 1.01442852e+01 1.01376381e+01 3.30041698e-03 3.34670488e-03 0.00000000e+00
122 1.08699417e+01 1.08665161e+01 1.56589318e-03 1.85942242e-03 0.00000000e+00
123 1.05222559e+01 1.05192041e+01 2.19267141e-03 8.58840125e-04 0.00000000e+00
124 1.08397446e+01 1.08332491e+01 5.76535240e-03 7.30501197e-04 0.00000000e+00
125 1.06352730e+01 1.06231956e+01 1.06654791e-02 1.41140493e-03 0.00000000e+00
126 1.09113722e+01 1.08968067e+01 1.28739802e-02 1.69148203e-03 0.00000000e+00
127 1.06391983e+01 1.06326923e+01 5.96203003e-03 5.43839065e-04 0.00000000e+00
128 1.08702850e+01 1.08681469e+01 1.48855266e-03 6.49649766e-04 0.00000000e+00
129 1.05821371e+01 1.05780849e+01 1.96339888e-03 2.08884524e-03 0.00000000e+00
130 1.05626526e+01 1.05553207e+01 3.81670683e-03 3.51530151e-03 0.00000000e+00
131 1.08459129e+01 1.08374844e+01 4.54737525e-03 3.88098415e-03 0.00000000e+00
132 1.07367916e+01 1.07264547e+01 5.82983764e-03 4.50703409e-03 0.00000000e+00
133 1.07341290e+01 1.07222376e+01 7.10496679e-03 4.78673261e-03 0.00000000e+00
134 1.06689787e+01 1.06625347e+01 3.70550109e-03 2.73861410e-03 0.00000000e+00
135 1.05602064e+01 1.05587568e+01 7.42152100e-04 7.07546016e-04 0.00000000e+00
136 1.03608608e+01 1.03575230e+01 3.08535784e-03 2.52253521e-04 0.00000000e+00
137 1.04899035e+01 1.04819260e+01 7.22463895e-03 7.52273656e-04 0.00000000e+00
138 1.01151609e+01 1.01034412e+01 1.06847994e-02 1.03504770e-03 0.00000000e+00
139 1.06914186e+01 1.06732683e+01 1.63884331e-02 1.76132692e-03 0.00000000e+00
140 1.08485861e+01 1.08303776e+01 1.65961366e-02 1.61237735e-03 0.00000000e+00
141 1.03607912e+01 1.03452921e+01 1.40417032e-02 1.45728607e-03 0.00000000e+00
142 1.04273596e+01 1.04147816e+01 1.02600977e-02 2.31806538e-03 0.00000000e+00
143 1.06395826e+01 1.06251249e+01 1.02389036e-02 4.21889499e-03 0.00000000e+00
144 1.06759529e+01 1.06586733e+01 1.12422872e-02 6.03738986e-03 0.00000000e+00
145 1.09521236e+01 1.09322948e+01 1.23278284e-02 7.50043988e-03 0.00000000e+00
146 9.47173500e+00 9.44925785e+00 1.40114902e-02 8.46531149e-03 0.00000000e+00
147 1.09238281e+01 1.08837490e+01 2.58102305e-02 1.42686749e-02 0.00000000e+00
148 9.29472351e+00 9.24799919e+00 3.09524219e-02 1.57718770e-02 0.00000000e+00
149 1.06320400e+01 1.05653486e+01 4.43954542e-02 2.22957786e-02 0.00000000e+00
150 1.04570894e+01 1.03994169e+01 3.83652635e-02 1.93067715e-02 0.00000000e+00
151 1.10258617e+01 1.09922361e+01 2.28281412e-02 1.07978210e-02 0.00000000e+00
152 9.06030655e+00 9.04674435e+00 9.55349393e-03 4.00840491e-03 0.00000000e+00
153 1.03383417e+01 1.03299627e+01 6.14331523e-03 2.23580073e-03 0.00000000e+00
154 9.38946915e+00 9.38478756e+00 3.60004674e-03 1.08144677e-03 0.00000000e+00
155 1.09661751e+01 1.09606047e+01 4.39112633e-03 1.18000386e-03 0.00000000e+00
156 9.16325188e+00 9.15633297e+00 5.41052781e-03 1.50838378e-03 0.00000000e+00
157 1.09760952e+01 1.09699001e+01 5.17235463e-03 1.02248450e-03 0.00000000e+00
158 1.01092005e+01 1.01040096e+01 4.38574003e-03 8.04982672e-04 0.00000000e+00
159 1.11040230e+01 1.10992813e+01 4.14072489e-03 6.01044099e-04 0.00000000e+00
160 1.10212345e+01 1.10173082e+01 3.52479517e-03 4.01153287e-04 0.00000000e+00
161 1.09133434e+01 1.09101553e+01 2.90692062e-03 2.81179236e-04 0.00000000e+00
162 1.09731503e+01 1.09700680e+01 2.83753569e-03 2.45059695e-04 0.00000000e+00
163 1.09263525e+01 1.09240532e+01 1.93862012e-03 3.60693317e-04 0.00000000e+00
164 1.08600321e+01 1.08580933e+01 1.33340724e-03 6.05408452e-04 0.00000000e+00
165 1.09220753e+01 1.09200020e+01 1.13635056e-03 9.36523138e-04 0.00000000e+00
166 1.08948793e+01 1.08922262e+01 1.28672749e-03 1.36622880e-03 0.00000000e+00
167 1.08671284e+01 1.08642082e+01 1.39717024e-03 1.52281672e-03 0.00000000e+00
168 1.09211845e+01 1.09177618e+01 1.70483976e-03 1.71718805e-03 0.00000000e+00
169 1.07222424e+01 1.07185373e+01 1.87488890e-03 1.82988262e-03 0.00000000e+00
170 1.04971685e+01 1.04946156e+01 1.33401959e-03 1.21914258e-03 0.00000000e+00
171 1.08416882e+01 1.08393297e+01 2.03316449e-03 3.24821216e-04 0.00000000e+00
172 1.08764009e+01 1.08693647e+01 6.26443001e-03 7.71127059e-04 0.00000000e+00
173 1.09937124e+01 1.09808464e+01 1.12833036e-02 1.58273848e-03 0.00000000e+00
174 1.06528387e+01 1.06400299e+01 1.15589052e-02 1.24991674e-03 0.00000000e+00
175 1.06589947e+01 1.06532383e+01 5.27228788e-03 4.84461634e-04 0.00000000e+00
176 1.07753649e+01 1.07708731e+01 2.29009264e-03 2.20224913e-03 0.00000000e+00
177 1.06661301e+01 1.06530533e+01 5.75573137e-03 7.32126134e-03 0.00000000e+00
178 1.03551159e+01 1.03337479e+01 9.98084433e-03 1.13864243e-02 0.00000000e+00
179 1.03848925e+01 1.03656425e+01 8.78625643e-03 1.04637630e-02 0.00000000e+00
180 1.06335917e+01 1.06217384e+01 5.33710280e-03 6.51602307e-03 0.00000000e+00
181 1.09388742e+01 1.09299831e+01 5.11377165e-03 3.77719873e-03 0.00000000e+00
182 1.05104523e+01 1.05035257e+01 4.66290209e-03 2.26364052e-03 0.00000000e+00
183 1.10030317e+01 1.09951248e+01 7.07305642e-03 8.33721540e-04 0.00000000e+00
184 1.06301365e+01 1.06230564e+01 6.58945087e-03 4.90488776e-04 0.00000000e+00
185 1.04422808e+01 1.04356031e+01 6.22341782e-03 4.54041350e-04 0.00000000e+00
186 1.02533236e+01 1.02499380e+01 2.92960135e-03 4.55487956e-04 0.00000000e+00
187 1.03686886e+01 1.03638086e+01 2.63165357e-03 2.24898383e-03 0.00000000e+00
188 1.05758286e+01 1.05628595e+01 6.62515592e-03 6.34371117e-03 0.00000000e+00
189 1.06108494e+01 1.05878630e+01 1.19913388e-02 1.09952660e-02 0.00000000e+00
190 1.09338160e+01 1.08987980e+01 1.94087978e-02 1.56090185e-02 0.00000000e+00
191 1.08187494e+01 1.07831011e+01 1.97628345e-02 1.58853214e-02 0.00000000e+00
192 1.00365572e+01 1.00079174e+01 1.63817611e-02 1.22579932e-02 0.00000000e+00
193 1.04117584e+01 1.03955908e+01 9.16306674e-03 7.00457254e-03 0.00000000e+00
194 1.09265261e+01 1.09174910e+01 5.17567527e-03 3.85915185e-03 0.00000000e+00
195 9.86939049e+00 9.86553955e+00 2.37368303e-03 1.47747446e-03 0.00000000e+00
196 1.07466383e+01 1.07441082e+01 2.07955483e-03 4.49679821e-04 0.00000000e+00
197 1.09057121e+01 1.09002495e+01 4.53886110e-03 9.23962565e-04 0.00000000e+00
198 1.06794596e+01 1.06677074e+01 9.11858864e-03 2.63299141e-03 0.00000000e+00
199 1.04932747e+01 1.04778996e+01 1.18431151e-02 3.53225577e-03 0.00000000e+00
200 1.04669580e+01 1.04472189e+01 1.54850772e-02 4.25424986e-03 0.00000000e+00
201 1.08525867e+01 1.08307571e+01 1.70096904e-02 4.81955474e-03 0.00000000e+00
202 9.88164520e+00 9.85747814e+00 1.96824335e-02 4.48372168e-03 0.00000000e+00
203 1.01906624e+01 1.01711788e+01 1.74485296e-02 2.03527743e-03 0.00000000e+00
204 1.08857031e+01 1.08650465e+01 1.74833518e-02 3.17279808e-03 0.00000000e+00
205 9.82843781e+00 9.79778862e+00 2.30216794e-02 7.62760453e-03 0.00000000e+00
206 1.00869579e+01 1.00474300e+01 2.68189386e-02 1.27090225e-02 0.00000000e+00
207 9.35894108e+00 9.30645657e+00 3.35864872e-02 1.88980307e-02 0.00000000e+00
208 1.12709160e+01 1.12203274e+01 3.07526737e-02 1.98355038e-02 0.00000000e+00
209 1.10993366e+01 1.10577936e+01 2.50458717e-02 1.64967608e-02 0.00000000e+00
210 1.07994862e+01 1.07731295e+01 1.55760804e-02 1.07804760e-02 0.00000000e+00
211 1.07952595e+01 1.07800541e+01 8.63132905e-03 6.57411199e-03 0.00000000e+00
212 9.94095135e+00 9.93311596e+00 4.25770413e-03 3.57739488e-03 0.00000000e+00
213 1.08897228e+01 1.08861446e+01 2.00608000e-03 1.57197681e-03 0.00000000e+00
214 1.07294083e+01 1.07280264e+01 7.85113196e-04 5.96644648e-04 0.00000000e+00
215 1.00955887e+01 1.00951090e+01 2.98830215e-04 1.81051248e-04 0.00000000e+00
216 1.06576014e+01 1.06573324e+01 1.46049671e-04 1.23439444e-04 0.00000000e+00
217 1.05964708e+01 1.05961790e+01 1.36139890e-04 1.55680522e-04 0.00000000e+00
218 1.03479919e+01 1.03473358e+01 3.51080729e-04 3.05593596e-04 0.00000000e+00
219 1.06704063e+01 1.06691084e+01 7.45618134e-04 5.52085112e-04 0.00000000e+00
220 1.05475378e+01 1.05451040e+01 1.46940490e-03 9.64361709e-04 0.00000000e+00
221 9.92235374e+00 9.91985512e+00 1.45518244e-03 1.04376778e-03 0.00000000e+00
222 1.02045527e+01 1.01999426e+01 2.67339568e-03 1.93669507e-03 0.00000000e+00
223 1.08931522e+01 1.08873730e+01 3.37052089e-03 2.40890449e-03 0.00000000e+00
224 1.08783264e+01 1.08722191e+01 3.52394232e-03 2.58379825e-03 0.00000000e+00
225 1.08829546e+01 1.08771067e+01 3.30135669e-03 2.54666083e-03 0.00000000e+00
226 9.55350208e+00 9.54792690e+00 3.21440934e-03 2.36029946e-03 0.00000000e+00
227 1.01168213e+01 1.01127586e+01 2.36435025e-03 1.69878546e-03 0.00000000e+00
228 1.08620739e+01 1.08595953e+01 1.64526515e-03 8.33436730e-04 0.00000000e+00
229 1.10105371e+01 1.10087261e+01 1.43008295e-03 3.80085257e-04 0.00000000e+00
230 9.36924553e+00 9.36791039e+00 1.07781240e-03 2.57590174e-04 0.00000000e+00
231 1.06410561e+01 1.06396542e+01 1.13761239e-03 2.64641858e-04 0.00000000e+00
232 1.08121605e+01 1.08107386e+01 1.15696713e-03 2.65297364e-04 0.00000000e+00
233 1.06888657e+01 1.06875372e+01 1.07668643e-03 2.51397287e-04 0.00000000e+00
234 1.08397560e+01 1.08385181e+01 1.01131573e-03 2.26523931e-04 0.00000000e+00
235 1.08838320e+01 1.08827171e+01 8.98141414e-04 2.16236193e-04 0.00000000e+00
236 1.01094494e+01 1.01086292e+01 6.67335989e-04 1.52860797e-04 0.00000000e+00
237 1.01930723e+01 1.01924267e+01 5.26183285e-04 1.19367040e-04 0.00000000e+00
238 1.08496704e+01 1.08489857e+01 5.58002037e-04 1.26854080e-04 0.00000000e+00
239 1.08279734e+01 1.08272152e+01 5.91616437e-04 1.67083883e-04 0.00000000e+00
240 9.68123150e+00 9.68029881e+00 6.88249827e-04 2.43701201e-04 0.00000000e+00
241 1.06065683e+01 1.06045160e+01 1.31787756e-03 7.33990397e-04 0.00000000e+00
242 1.08967705e+01 1.08931484e+01 2.26235157e-03 1.35983748e-03 0.00000000e+00
243 1.08556213e+01 1.08505754e+01 3.10374447e-03 1.94208440e-03 0.00000000e+00
244 1.04170723e+01 1.04112883e+01 3.46165895e-03 2.32207752e-03 0.00000000e+00
245 1.09492941e+01 1.09434042e+01 3.61131760e-03 2.27873097e-03 0.00000000e+00
246 1.09014626e+01 1.08958607e+01 3.51134664e-03 2.09032325e-03 0.00000000e+00
247 1.08484678e+01 1.08427820e+01 3.80064151e-03 1.88573869e-03 0.00000000e+00
248 1.04821415e+01 1.04767408e+01 3.79016344e-03 1.61064649e-03 0.00000000e+00
249 1.05891867e+01 1.05833731e+01 4.33077849e-03 1.48336508e-03 0.00000000e+00
250 1.03172617e+01 1.03110104e+01 4.81049251e-03 1.44069921e-03 0.00000000e+00
251 1.08371315e+01 1.08306732e+01 5.21596009e-03 1.24237628e-03 0.00000000e+00
252 1.00164804e+01 1.00098133e+01 5.50791668e-03 1.16002199e-03 0.00000000e+00
253 1.08070211e+01 1.07993689e+01 6.48523076e-03 1.16743718e-03 0.00000000e+00
254 1.09245882e+01 1.09165602e+01 6.81766402e-03 1.21061271e-03 0.00000000e+00
255 1.06385059e+01 1.06299124e+01 7.42713735e-03 1.16671110e-03 0.00000000e+00
256 1.01525688e+01 1.01441126e+01 7.30523514e-03 1.15118991e-03 0.00000000e+00
257 1.02077398e+01 1.01992178e+01 7.33090332e-03 1.19101151e-03 0.00000000e+00
258 1.02279425e+01 1.02182903e+01 8.42995383e-03 1.22291862e-03 0.00000000e+00
259 1.07415180e+01 1.07314148e+01 8.80142208e-03 1.30167068e-03 0.00000000e+00
260 1.09549541e+01 1.09442616e+01 9.30677354e-03 1.38546899e-03 0.00000000e+00
261 1.07270012e+01 1.07168055e+01 8.78915191e-03 1.40668172e-03 0.00000000e+00
262 9.95471573e+00 9.94441986e+00 8.88322107e-03 1.41233415e-03 0.00000000e+00
263 1.09061279e+01 1.08959780e+01 8.44638795e-03 1.70296896e-03 0.00000000e+00
264 1.05408077e+01 1.05306263e+01 8.20603874e-03 1.97523693e-03 0.00000000e+00
265 1.09113445e+01 1.09006453e+01 8.37025326e-03 2.32855231e-03 0.00000000e+00
266 1.09985285e+01 1.09882355e+01 7.71671161e-03 2.57584103e-03 0.00000000e+00
267 1.09886332e+01 1.09782944e+01 7.68256560e-03 2.65601370e-03 0.00000000e+00
268 1.09012032e+01 1.08911152e+01 7.42996344e-03 2.65835016e-03 0.00000000e+00
269 1.00047197e+01 9.99550247e+00 6.67127687e-03 2.54606782e-03 0.00000000e+00
270 1.09237843e+01 1.09155235e+01 6.12782547e-03 2.13296642e-03 0.00000000e+00
271 1.06330366e+01 1.06256847e+01 5.67940203e-03 1.67275197e-03 0.00000000e+00
272 1.04886494e+01 1.04816980e+01 5.61196450e-03 1.33852661e-03 0.00000000e+00
273 9.94955826e+00 9.94317913e+00 5.31912502e-03 1.05937768e-03 0.00000000e+00
274 9.78692627e+00 9.78041077e+00 5.52860228e-03 9.87470266e-04 0.00000000e+00
275 1.02972412e+01 1.02900410e+01 6.07300736e-03 1.12709508e-03 0.00000000e+00
276 1.08461666e+01 1.08383541e+01 6.56382972e-03 1.24792464e-03 0.00000000e+00
277 1.00618954e+01 1.00529718e+01 7.61345448e-03 1.31074898e-03 0.00000000e+00
278 1.02756796e+01 1.02660007e+01 8.05086829e-03 1.62770506e-03 0.00000000e+00
279 1.04911070e+01 1.04806557e+01 8.37610569e-03 2.07502535e-03 0.00000000e+00
280 1.07675591e+01 1.07565508e+01 8.48110113e-03 2.52704439e-03 0.00000000e+00
281 9.68266201e+00 9.67080212e+00 9.03344154e-03 2.82643875e-03 0.00000000e+00
282 1.08207865e+01 1.08079205e+01 9.53063183e-03 3.33520048e-03 0.00000000e+00
283 9.89488316e+00 9.88153839e+00 9.44501534e-03 3.89919220e-03 0.00000000e+00
284 1.07873640e+01 1.07735062e+01 9.86469444e-03 3.99341248e-03 0.00000000e+00
285 1.08552065e+01 1.08422050e+01 9.06779431e-03 3.93423624e-03 0.00000000e+00
286 1.10282755e+01 1.10169611e+01 7.74492789e-03 3.56993778e-03 0.00000000e+00
287 1.07832546e+01 1.07733078e+01 6.88835047e-03 3.05814366e-03 0.00000000e+00
288 9.62335396e+00 9.61502552e+00 5.76725509e-03 2.56150705e-03 0.00000000e+00
289 9.59736347e+00 9.59077072e+00 4.64475760e-03 1.94805465e-03 0.00000000e+00
290 1.09577961e+01 1.09515953e+01 4.31722030e-03 1.88388536e-03 0.00000000e+00
291 1.09223251e+01 1.09166737e+01 3.80885904e-03 1.84214383e-03 0.00000000e+00
292 1.09976616e+01 1.09924526e+01 3.50499712e-03 1.70408713e-03 0.00000000e+00
293 1.09702520e+01 1.09655485e+01 3.19670653e-03 1.50727388e-03 0.00000000e+00
294 1.07984934e+01 1.07944298e+01 2.77153729e-03 1.29229145e-03 0.00000000e+00
295 1.06738062e+01 1.06704655e+01 2.23718002e-03 1.10380969e-03 0.00000000e+00
296 1.03504868e+01 1.03475380e+01 1.94302143e-03 1.00645178e-03 0.00000000e+00
297 1.09359570e+01 1.09333019e+01 1.76354917e-03 8.91868898e-04 0.00000000e+00
298 1.08303080e+01 1.08280792e+01 1.44074042e-03 7.87456171e-04 0.00000000e+00
299 1.05416212e+01 1.05395708e+01 1.36221177e-03 6.88534288e-04 0.00000000e+00
300 1.08297949e+01 1.08279715e+01 1.19033048e-03 6.32869196e-04 0.00000000e+00
301 1.07700310e+01 1.07683210e+01 1.11843063e-03 5.91188495e-04 0.00000000e+00
302 1.08935452e+01 1.08919477e+01 1.04058452e-03 5.56977582e-04 0.00000000e+00
303 1.07741308e+01 1.07726364e+01 9.82793979e-04 5.11371123e-04 0.00000000e+00
304 9.99160385e+00 9.99021053e+00 8.96292098e-04 4.96466819e-04 0.00000000e+00
305 1.05216904e+01 1.05204306e+01 8.18044355e-04 4.41933837e-04 0.00000000e+00
306 1.02970181e+01 1.02957554e+01 8.09446443e-04 4.53274231e-04 0.00000000e+00
307 1.08863659e+01 1.08849516e+01 9.09852388e-04 5.04590687e-04 0.00000000e+00
308 1.08714561e+01 1.08700027e+01 9.18832025e-04 5.35342027e-04 0.00000000e+00
309 1.07156878e+01 1.07141581e+01 9.73461370e-04 5.55729202e-04 0.00000000e+00
310 1.07042398e+01 1.07026215e+01 1.04835676e-03 5.70409000e-04 0.00000000e+00
311 1.07612467e+01 1.07595196e+01 1.13967725e-03 5.87232935e-04 0.00000000e+00
312 1.05314264e+01 1.05296602e+01 1.17118948e-03 5.95460355e-04 0.00000000e+00
313 1.01877441e+01 1.01859941e+01 1.14896230e-03 6.00689673e-04 0.00000000e+00
314 1.08750744e+01 1.08733521e+01 1.16278010e-03 5.60271903e-04 0.00000000e+00
315 1.07154131e+01 1.07137547e+01 1.14097807e-03 5.17649285e-04 0.00000000e+00
316 1.08440599e+01 1.08423767e+01 1.17477437e-03 5.08530706e-04 0.00000000e+00
317 1.08590078e+01 1.08573465e+01 1.16361561e-03 4.97914851e-04 0.00000000e+00
318 1.08989410e+01 1.08973007e+01 1.15607923e-03 4.84660733e-04 0.00000000e+00
319 1.06074133e+01 1.06057701e+01 1.17515586e-03 4.68429847e-04 0.00000000e+00
320 1.08115988e+01 1.08098793e+01 1.21830369e-03 5.01969480e-04 0.00000000e+00
321 1.07117386e+01 1.07099237e+01 1.28837780e-03 5.26078918e-04 0.00000000e+00
322 9.95835400e+00 9.95649052e+00 1.34587928e-03 5.17988752e-04 0.00000000e+00
323 1.01570559e+01 1.01551628e+01 1.38034229e-03 5.13280858e-04 0.00000000e+00
324 9.74042797e+00 9.73842621e+00 1.49691792e-03 5.04232768e-04 0.00000000e+00
325 1.09010296e+01 1.08984966e+01 1.84330996e-03 6.89644832e-04 0.00000000e+00
326 1.01070833e+01 1.01040621e+01 2.18575145e-03 8.35335930e-04 0.00000000e+00
327 1.07382030e+01 1.07348289e+01 2.46542250e-03 9.08669143e-04 0.00000000e+00
328 1.00857620e+01 1.00821686e+01 2.64643342e-03 9.47004184e-04 0.00000000e+00
329 1.09385433e+01 1.09347763e+01 2.76509114e-03 1.00260554e-03 0.00000000e+00
330 1.09390821e+01 1.09352694e+01 2.80030048e-03 1.01295277e-03 0.00000000e+00
331 1.09382982e+01 1.09344301e+01 2.89158314e-03 9.76840849e-04 0.00000000e+00
332 1.08823748e+01 1.08783665e+01 3.10173701e-03 9.07135196e-04 0.00000000e+00
333 1.08748779e+01 1.08713083e+01 2.77672894e-03 7.92189152e-04 0.00000000e+00
334 1.08491802e+01 1.08460121e+01 2.49309791e-03 6.74732088e-04 0.00000000e+00
335 9.91761780e+00 9.91484737e+00 2.20511854e-03 5.65165421e-04 0.00000000e+00
336 1.08879452e+01 1.08851986e+01 2.15308019e-03 5.93143690e-04 0.00000000e+00
337 1.06161499e+01 1.06133337e+01 2.21447437e-03 6.01572683e-04 0.00000000e+00
338 1.08509579e+01 1.08483810e+01 2.02280027e-03 5.53619117e-04 0.00000000e+00
339 1.03454685e+01 1.03429651e+01 2.01129029e-03 4.91893908e-04 0.00000000e+00
340 9.73975658e+00 9.73718071e+00 2.06599291e-03 5.09883219e-04 0.00000000e+00
341 1.05834045e+01 1.05804024e+01 2.32435367e-03 6.78001961e-04 0.00000000e+00
342 9.38894463e+00 9.38524628e+00 2.87911016e-03 8.19478359e-04 0.00000000e+00
343 1.05357018e+01 1.05311365e+01 3.46649834e-03 1.09839579e-03 0.00000000e+00
344 9.56393719e+00 9.55876446e+00 3.81748867e-03 1.35554059e-03 0.00000000e+00
345 1.09700003e+01 1.09632845e+01 4.96131973e-03 1.75479660e-03 0.00000000e+00
346 1.10287447e+01 1.10212717e+01 5.45475865e-03 2.01809593e-03 0.00000000e+00
347 1.09816151e+01 1.09737768e+01 5.72421215e-03 2.11471040e-03 0.00000000e+00
348 1.07194605e+01 1.07121878e+01 5.37049584e-03 1.90303102e-03 0.00000000e+00
349 1.09074678e+01 1.09010992e+01 4.77301050e-03 1.59591180e-03 0.00000000e+00
350 1.09383898e+01 1.09328108e+01 4.30375570e-03 1.27488235e-03 0.00000000e+00
351 1.07145824e+01 1.07101622e+01 3.51148564e-03 9.09079332e-04 0.00000000e+00
352 9.18731594e+00 9.18367386e+00 3.01448372e-03 6.27359725e-04 0.00000000e+00
353 9.76539707e+00 9.76187611e+00 2.98055611e-03 5.40615933e-04 0.00000000e+00
354 1.09775524e+01 1.09741478e+01 2.87545053e-03 5.29166835e-04 0.00000000e+00
355 1.08018246e+01 1.07976017e+01 3.60905984e-03 6.13975746e-04 0.00000000e+00
356 9.86010170e+00 9.85483265e+00 4.48919879e-03 7.80180912e-04 0.00000000e+00
357 9.97245026e+00 9.96550846e+00 5.92133123e-03 1.02060707e-03 0.00000000e+00
358 9.65878963e+00 9.65045166e+00 7.23909773e-03 1.09859044e-03 0.00000000e+00
359 1.09964323e+01 1.09860992e+01 8.94616917e-03 1.38695328e-03 0.00000000e+00
360 1.01507339e+01 1.01375017e+01 1.14562605e-02 1.77601911e-03 0.00000000e+00
361 1.09420042e+01 1.09255695e+01 1.42305549e-02 2.20390107e-03 0.00000000e+00
362 1.09949799e+01 1.09777851e+01 1.48111535e-02 2.38294457e-03 0.00000000e+00
363 1.00006962e+01 9.98266220e+00 1.56649426e-02 2.36891792e-03 0.00000000e+00
364 9.65542984e+00 9.63513565e+00 1.79346483e-02 2.35934206e-03 0.00000000e+00
365 1.04317055e+01 1.04151573e+01 1.49228815e-02 1.62517640e-03 0.00000000e+00
366 1.07018776e+01 1.06871567e+01 1.34706050e-02 1.25052547e-03 0.00000000e+00
367 1.10146332e+01 1.10001984e+01 1.33367646e-02 1.09752372e-03 0.00000000e+00
368 1.06299667e+01 1.06171856e+01 1.17034987e-02 1.07753673e-03 0.00000000e+00
369 9.90629101e+00 9.89429283e+00 1.08325556e-02 1.16570713e-03 0.00000000e+00
370 9.12693310e+00 9.11655331e+00 8.80261790e-03 1.57706800e-03 0.00000000e+00
371 1.09855061e+01 1.09742441e+01 8.66367947e-03 2.59771105e-03 0.00000000e+00
372 1.07605305e+01 1.07482405e+01 8.54014326e-03 3.75004904e-03 0.00000000e+00
373 1.09087238e+01 1.08942909e+01 9.50903632e-03 4.92386287e-03 0.00000000e+00
374 1.07378702e+01 1.07208834e+01 1.09105427e-02 6.07539807e-03 0.00000000e+00
375 1.06488504e+01 1.06293125e+01 1.22935362e-02 7.24458368e-03 0.00000000e+00
376 1.07157507e+01 1.06945915e+01 1.31077413e-02 8.05142149e-03 0.00000000e+00
377 1.08220797e+01 1.07985229e+01 1.47907007e-02 8.76607746e-03 0.00000000e+00
378 1.07617874e+01 1.07368355e+01 1.60629936e-02 8.88877455e-03 0.00000000e+00
379 9.30760384e+00 9.28282261e+00 1.59089230e-02 8.87210853e-03 0.00000000e+00
380 1.08105211e+01 1.07837162e+01 1.77045092e-02 9.09982249e-03 0.00000000e+00
381 1.09001417e+01 1.08723431e+01 1.87945943e-02 9.00332071e-03 0.00000000e+00
382 1.08453665e+01 1.08181515e+01 1.84695330e-02 8.74544494e-03 0.00000000e+00
383 1.05663090e+01 1.05403967e+01 1.79464687e-02 7.96611235e-03 0.00000000e+00
384 1.08842278e+01 1.08594294e+01 1.75134800e-02 7.28517119e-03 0.00000000e+00
385 1.03820105e+01 1.03596601e+01 1.60148963e-02 6.33526640e-03 0.00000000e+00
386 1.07926998e+01 1.07724791e+01 1.46415103e-02 5.57933981e-03 0.00000000e+00
387 1.07627401e+01 1.07443237e+01 1.35792699e-02 4.83665615e-03 0.00000000e+00
388 1.07079430e+01 1.06920500e+01 1.19432993e-02 3.95019678e-03 0.00000000e+00
389 1.08752518e+01 1.08614883e+01 1.04643377e-02 3.29849869e-03 0.00000000e+00
390 1.08598461e+01 1.08480129e+01 9.18068737e-03 2.65261927e-03 0.00000000e+00
391 9.62043476e+00 9.61019897e+00 8.13083258e-03 2.10521510e-03 0.00000000e+00
392 1.07515726e+01 1.07428150e+01 7.13246781e-03 1.62552402e-03 0.00000000e+00
393 1.05253410e+01 1.05177460e+01 6.30505523e-03 1.29054033e-03 0.00000000e+00
394 1.02816038e+01 1.02748003e+01 5.70713403e-03 1.09661068e-03 0.00000000e+00
395 1.05612898e+01 1.05551004e+01 5.19559579e-03 9.93481022e-04 0.00000000e+00
396 1.04701042e+01 1.04641323e+01 5.10610826e-03 8.65944428e-04 0.00000000e+00
397 1.03721666e+01 1.03665075e+01 4.76207817e-03 8.97344959e-04 0.00000000e+00
398 1.01493921e+01 1.01437092e+01 4.81260894e-03 8.70360527e-04 0.00000000e+00
399 1.04041519e+01 1.03988352e+01 4.45469515e-03 8.62214190e-04 0.00000000e+00
400 9.94090748e+00 9.93532562e+00 4.66774125e-03 9.14476928e-04 0.00000000e+00
401 9.34882545e+00 9.34325314e+00 4.67463583e-03 8.97149963e-04 0.00000000e+00
402 1.08203650e+01 1.08146229e+01 4.79389913e-03 9.47681314e-04 0.00000000e+00
403 1.01507378e+01 1.01450253e+01 4.73459531e-03 9.77886841e-04 0.00000000e+00
404 1.01950893e+01 1.01894407e+01 4.66992753e-03 9.78116994e-04 0.00000000e+00
405 1.07089529e+01 1.07032242e+01 4.69954498e-03 1.02945464e-03 0.00000000e+00
406 1.08610983e+01 1.08550062e+01 4.99012507e-03 1.10121351e-03 0.00000000e+00
407 1.08896780e+01 1.08832569e+01 5.24319662e-03 1.17812434e-03 0.00000000e+00
408 1.01578579e+01 1.01515512e+01 5.08288713e-03 1.22334878e-03 0.00000000e+00
409 1.09436684e+01 1.09372787e+01 5.12871053e-03 1.26053370e-03 0.00000000e+00
410 1.03902807e+01 1.03838348e+01 5.24056004e-03 1.20548555e-03 0.00000000e+00
411 1.07505121e+01 1.07442875e+01 4.97797132e-03 1.24609855e-03 0.00000000e+00
412 9.44113636e+00 9.43472195e+00 5.11262938e-03 1.30155415e-03 0.00000000e+00
413 1.08890305e+01 1.08821592e+01 5.40982699e-03 1.46094896e-03 0.00000000e+00
414 1.09067116e+01 1.08992538e+01 5.87636512e-03 1.58080203e-03 0.00000000e+00
415 9.75891399e+00 9.75161743e+00 5.63659705e-03 1.66053360e-03 0.00000000e+00
416 9.34043121e+00 9.33226585e+00 6.40768977e-03 1.75751303e-03 0.00000000e+00
417 1.08878899e+01 1.08792086e+01 6.77041523e-03 1.91132654e-03 0.00000000e+00
418 1.07841721e+01 1.07752552e+01 6.89600641e-03 2.02061189e-03 0.00000000e+00
419 9.05383968e+00 9.04512978e+00 6.63104933e-03 2.07908242e-03 0.00000000e+00
420 1.09990740e+01 1.09896450e+01 7.30293337e-03 2.12552119e-03 0.00000000e+00
421 1.09708252e+01 1.09619026e+01 6.84025139e-03 2.08217348e-03 0.00000000e+00
422 9.95999146e+00 9.95145607e+00 6.58498472e-03 1.94990111e-03 0.00000000e+00
423 1.10132055e+01 1.10050631e+01 6.34020846e-03 1.80206331e-03 0.00000000e+00
424 1.10494480e+01 1.10423374e+01 5.59132919e-03 1.51910749e-03 0.00000000e+00
425 1.05693626e+01 1.05629072e+01 5.18419314e-03 1.27130328e-03 0.00000000e+00
426 1.00416021e+01 1.00363274e+01 4.26606368e-03 1.00870477e-03 0.00000000e+00
427 1.08060017e+01 1.08014584e+01 3.67126893e-03 8.71564785e-04 0.00000000e+00
428 9.98731136e+00 9.98277473e+00 3.73476464e-03 8.02166702e-04 0.00000000e+00
429 1.03442039e+01 1.03395720e+01 3.79551249e-03 8.35906132e-04 0.00000000e+00
430 1.08018026e+01 1.07972212e+01 3.73264845e-03 8.48401221e-04 0.00000000e+00
431 9.19900608e+00 9.19388676e+00 4.21822164e-03 9.00987827e-04 0.00000000e+00
432 1.09967165e+01 1.09917774e+01 4.00964590e-03 9.29771631e-04 0.00000000e+00
433 1.09634991e+01 1.09577341e+01 4.76942444e-03 9.96068469e-04 0.00000000e+00
434 1.09425087e+01 1.09364557e+01 4.98873135e-03 1.06425723e-03 0.00000000e+00
435 1.07729387e+01 1.07668352e+01 4.95488290e-03 1.14832213e-03 0.00000000e+00
436 9.62270451e+00 9.61561203e+00 5.87140257e-03 1.22079626e-03 0.00000000e+00
437 1.09543953e+01 1.09473629e+01 5.68451220e-03 1.34711398e-03 0.00000000e+00
438 1.09465456e+01 1.09394197e+01 5.68202324e-03 1.44402916e-03 0.00000000e+00
439 1.07869625e+01 1.07795649e+01 5.86031377e-03 1.53769727e-03 0.00000000e+00
440 1.03902636e+01 1.03823137e+01 6.29670313e-03 1.65280048e-03 0.00000000e+00
441 1.06811371e+01 1.06726074e+01 6.85460120e-03 1.67494162e-03 0.00000000e+00
442 1.02545862e+01 1.02459145e+01 6.96198177e-03 1.70967565e-03 0.00000000e+00
443 1.07608442e+01 1.07514057e+01 7.63407303e-03 1.80398545e-03 0.00000000e+00
444 1.01917725e+01 1.01821337e+01 7.80373439e-03 1.83480314e-03 0.00000000e+00
445 1.09307566e+01 1.09206305e+01 8.13518744e-03 1.99168199e-03 0.00000000e+00
446 1.08634424e+01 1.08532791e+01 8.00514966e-03 2.15835171e-03 0.00000000e+00
447 9.65072727e+00 9.63944626e+00 9.04715434e-03 2.23387918e-03 0.00000000e+00
448 1.09043159e+01 1.08929596e+01 9.10073519e-03 2.25514336e-03 0.00000000e+00
449 1.07948170e+01 1.07835693e+01 8.95194057e-03 2.29550130e-03 0.00000000e+00
450 1.07759142e+01 1.07648220e+01 8.74803681e-03 2.34413031e-03 0.00000000e+00
451 1.07621498e+01 1.07508736e+01 8.95349495e-03 2.32361304e-03 0.00000000e+00
452 1.04726572e+01 1.04609985e+01 9.27039981e-03 2.38799001e-03 0.00000000e+00
453 1.02412558e+01 1.02296057e+01 9.15383734e-03 2.49631633e-03 0.00000000e+00
454 1.03964977e+01 1.03854141e+01 8.52654129e-03 2.55633309e-03 0.00000000e+00
455 1.07900810e+01 1.07787600e+01 8.63108132e-03 2.69070081e-03 0.00000000e+00
456 1.08768854e+01 1.08652859e+01 8.77125654e-03 2.82870443e-03 0.00000000e+00
457 1.03198118e+01 1.03083515e+01 8.57905950e-03 2.88143614e-03 0.00000000e+00
458 1.07817822e+01 1.07705488e+01 8.31917301e-03 2.91441008e-03 0.00000000e+00
459 1.02639122e+01 1.02530537e+01 7.93782994e-03 2.92086531e-03 0.00000000e+00
460 1.06951284e+01 1.06839972e+01 8.11951794e-03 3.01188347e-03 0.00000000e+00
461 1.08428221e+01 1.08316650e+01 7.92083703e-03 3.23570427e-03 0.00000000e+00
462 1.05219955e+01 1.05117054e+01 7.15428311e-03 3.13543086e-03 0.00000000e+00
463 1.08693848e+01 1.08580923e+01 8.06880090e-03 3.22339847e-03 0.00000000e+00
464 1.08753977e+01 1.08647213e+01 7.47424504e-03 3.20254173e-03 0.00000000e+00
465 1.04312592e+01 1.04208269e+01 7.30350660e-03 3.12876794e-03 0.00000000e+00
466 9.83885765e+00 9.82803822e+00 7.69440457e-03 3.12549085e-03 0.00000000e+00
467 1.07775345e+01 1.07682409e+01 6.63227402e-03 2.66189920e-03 0.00000000e+00
468 1.00008888e+01 9.99172688e+00 6.80935849e-03 2.35312898e-03 0.00000000e+00
469 9.63074112e+00 9.62224388e+00 6.41856156e-03 2.07856949e-03 0.00000000e+00
470 9.92588234e+00 9.91878891e+00 5.50870737e-03 1.58497295e-03 0.00000000e+00
471 9.47957134e+00 9.47292328e+00 5.39555587e-03 1.25250372e-03 0.00000000e+00
472 1.07208738e+01 1.07148905e+01 4.86067822e-03 1.12269877e-03 0.00000000e+00
473 1.08861179e+01 1.08804512e+01 4.60276147e-03 1.06399285e-03 0.00000000e+00
474 1.06998777e+01 1.06945133e+01 4.26441757e-03 1.09939161e-03 0.00000000e+00
475 1.02983770e+01 1.02929287e+01 4.26687114e-03 1.18200935e-03 0.00000000e+00
476 1.06682549e+01 1.06629486e+01 4.14483575e-03 1.16118789e-03 0.00000000e+00
477 1.01159306e+01 1.01107082e+01 4.09353431e-03 1.12933887e-03 0.00000000e+00
478 1.08629065e+01 1.08577156e+01 4.09929873e-03 1.09218026e-03 0.00000000e+00
479 1.09324589e+01 1.09269342e+01 4.48772544e-03 1.03706610e-03 0.00000000e+00
480 9.46967411e+00 9.46444893e+00 4.21134988e-03 1.01336779e-03 0.00000000e+00
481 1.08537121e+01 1.08476038e+01 5.07691735e-03 1.03092950e-03 0.00000000e+00
482 1.08177271e+01 1.08113670e+01 5.22381952e-03 1.13586872e-03 0.00000000e+00
483 1.08095770e+01 1.08029661e+01 5.42875426e-03 1.18255161e-03 0.00000000e+00
484 9.25692654e+00 9.25035667e+00 5.37144672e-03 1.19871169e-03 0.00000000e+00
485 1.07022924e+01 1.06956711e+01 5.48387831e-03 1.13802077e-03 0.00000000e+00
486 1.04684830e+01 1.04618835e+01 5.54918172e-03 1.05006772e-03 0.00000000e+00
487 9.64680767e+00 9.64075470e+00 5.12401573e-03 9.28942987e-04 0.00000000e+00
488 1.07282495e+01 1.07225227e+01 4.88341833e-03 8.42842914e-04 0.00000000e+00
489 1.00577068e+01 1.00521774e+01 4.77716979e-03 7.52111548e-04 0.00000000e+00
490 1.09303265e+01 1.09249439e+01 4.67355223e-03 7.08607724e-04 0.00000000e+00
491 1.09366455e+01 1.09314032e+01 4.51533357e-03 7.27059087e-04 0.00000000e+00
492 1.09321671e+01 1.09269094e+01 4.50858753e-03 7.48479040e-04 0.00000000e+00
493 9.89451694e+00 9.88959694e+00 4.14158078e-03 7.78531830e-04 0.00000000e+00
494 1.09100161e+01 1.09050379e+01 4.10868321e-03 8.69776530e-04 0.00000000e+00
495 1.09191179e+01 1.09142513e+01 3.96191282e-03 9.04733781e-04 0.00000000e+00
496 1.04367723e+01 1.04321651e+01 3.65246716e-03 9.55063268e-04 0.00000000e+00
497 1.02091713e+01 1.02041998e+01 4.01505642e-03 9.56773583e-04 0.00000000e+00
498 9.33706093e+00 9.33214760e+00 3.89451929e-03 1.01822393e-03 0.00000000e+00
499 1.08977585e+01 1.08928165e+01 3.78460856e-03 1.15749286e-03 0.00000000e+00
500 1.03218660e+01 1.03170700e+01 3.59268626e-03 1.20306027e-03 0.00000000e+00
