# step L_total L_int L_bdry L_orth L_gradation
1 1.06078339e+01 1.06078339e+01 0.00000000e+00 0.00000000e+00 0.00000000e+00
2 1.05574141e+01 1.05572901e+01 9.66627267e-05 2.80035565e-05 0.00000000e+00
3 1.03803997e+01 1.03791723e+01 1.04113796e-03 1.86129808e-04 0.00000000e+00
4 1.02212439e+01 1.02150993e+01 5.00938762e-03 1.13486242e-03 0.00000000e+00
5 1.01031075e+01 1.00800495e+01 1.73376855e-02 5.71980048e-03 0.00000000e+00
6 9.54059315e+00 9.51006413e+00 2.08649356e-02 9.66493227e-03 0.00000000e+00
7 1.09857178e+01 1.09378729e+01 2.75248829e-02 2.03196835e-02 0.00000000e+00
8 9.24555111e+00 9.21173763e+00 1.80875342e-02 1.57256909e-02 0.00000000e+00
9 9.29852772e+00 9.26717949e+00 1.77941378e-02 1.35538373e-02 0.00000000e+00
10 9.82395840e+00 9.78819752e+00 2.06336565e-02 1.51274186e-02 0.00000000e+00
11 9.11664963e+00 9.07250500e+00 2.54608020e-02 1.86833851e-02 0.00000000e+00
12 1.07930288e+01 1.07315884e+01 3.17160375e-02 2.97239870e-02 0.00000000e+00
13 9.27478313e+00 9.22353363e+00 2.69661322e-02 2.42835339e-02 0.00000000e+00
14 1.07637348e+01 1.07153654e+01 2.40841880e-02 2.42855195e-02 0.00000000e+00
15 1.01976118e+01 1.01625423e+01 1.57034937e-02 1.93667039e-02 0.00000000e+00
16 9.81782818e+00 9.79783726e+00 1.03687635e-02 9.62283462e-03 0.00000000e+00
17 9.65427685e+00 9.64332294e+00 6.71959715e-03 4.23391908e-03 0.00000000e+00
18 1.00706081e+01 1.00624599e+01 6.71861088e-03 1.42926839e-03 0.00000000e+00
19 9.28762627e+00 9.27794266e+00 8.74230545e-03 9.41040111e-04 0.00000000e+00
20 1.10433521e+01 1.10281401e+01 1.34501271e-02 1.76255777e-03 0.00000000e+00
21 1.11727247e+01 1.11556559e+01 1.50487004e-02 2.01951829e-03 0.00000000e+00
22 1.08046370e+01 1.07915096e+01 1.16294082e-02 1.49778696e-03 0.00000000e+00
23 1.04904127e+01 1.04813614e+01 8.09313636e-03 9.57984652e-04 0.00000000e+00
24 1.00953941e+01 1.00890732e+01 5.80435526e-03 5.17267967e-04 0.00000000e+00
25 1.04921856e+01 1.04880943e+01 3.75779904e-03 3.33927048e-04 0.00000000e+00
26 1.04525909e+01 1.04491673e+01 3.08579765e-03 3.37997597e-04 0.00000000e+00
27 9.97933006e+00 9.97622776e+00 2.61919294e-03 4.83372714e-04 0.00000000e+00
28 1.03794889e+01 1.03758955e+01 2.87004584e-03 7.24188401e-04 0.00000000e+00
29 1.01560316e+01 1.01518011e+01 3.19463527e-03 1.03564886e-03 0.00000000e+00
30 1.01689129e+01 1.01636877e+01 3.71593260e-03 1.50995154e-03 0.00000000e+00
31 1.03767967e+01 1.03692875e+01 5.38208429e-03 2.12690746e-03 0.00000000e+00
32 1.01797886e+01 1.01709137e+01 6.05208566e-03 2.82307807e-03 0.00000000e+00
33 1.02253199e+01 1.02139320e+01 7.79084582e-03 3.59686487e-03 0.00000000e+00
34 1.02249842e+01 1.02105246e+01 9.90288891e-03 4.55665495e-03 0.00000000e+00
35 9.83134079e+00 9.81428909e+00 1.15092061e-02 5.54304849e-03 0.00000000e+00
36 1.00381422e+01 1.00178595e+01 1.34579102e-02 6.82425871e-03 0.00000000e+00
37 1.02964668e+01 1.02737350e+01 1.51158068e-02 7.61603564e-03 0.00000000e+00
38 1.00208092e+01 9.99835491e+00 1.47737563e-02 7.68064568e-03 0.00000000e+00
39 9.92338371e+00 9.90163422e+00 1.43893287e-02 7.36015989e-03 0.00000000e+00
40 9.99278545e+00 9.97244453e+00 1.40105616e-02 6.33073784e-03 0.00000000e+00
41 1.01578770e+01 1.01383934e+01 1.37900291e-02 5.69316838e-03 0.00000000e+00
42 9.89292908e+00 9.87543106e+00 1.21416915e-02 5.35725057e-03 0.00000000e+00
43 1.01337461e+01 1.01159668e+01 1.27110574e-02 5.06773591e-03 0.00000000e+00
44 1.01187944e+01 1.01011877e+01 1.27235129e-02 4.88317525e-03 0.00000000e+00
45 1.01789160e+01 1.01609573e+01 1.32986493e-02 4.66004852e-03 0.00000000e+00
46 1.05613432e+01 1.05442448e+01 1.27360765e-02 4.36224230e-03 0.00000000e+00
47 9.98665524e+00 9.96918869e+00 1.36767020e-02 3.78948520e-03 0.00000000e+00
48 1.00848980e+01 1.00647011e+01 1.58047117e-02 4.39215126e-03 0.00000000e+00
49 1.06494350e+01 1.06266899e+01 1.78618599e-02 4.88293683e-03 0.00000000e+00
50 9.46491337e+00 9.44098854e+00 1.93509515e-02 4.57420992e-03 0.00000000e+00
51 1.03300953e+01 1.03020611e+01 2.24772412e-02 5.55665651e-03 0.00000000e+00
52 1.05646219e+01 1.05360851e+01 2.29951013e-02 5.54174092e-03 0.00000000e+00
53 1.02016630e+01 1.01776114e+01 1.94150601e-02 4.63703461e-03 0.00000000e+00
54 1.00957918e+01 1.00771122e+01 1.49657521e-02 3.71386064e-03 0.00000000e+00
55 1.01051922e+01 1.00899067e+01 1.20731732e-02 3.21243121e-03 0.00000000e+00
56 1.00501995e+01 1.00375214e+01 9.71819367e-03 2.96006561e-03 0.00000000e+00
57 1.01356373e+01 1.01243887e+01 8.39523599e-03 2.85301870e-03 0.00000000e+00
58 1.02849894e+01 1.02726955e+01 9.32601281e-03 2.96744471e-03 0.00000000e+00
59 1.01948366e+01 1.01825542e+01 9.22331307e-03 3.05912341e-03 0.00000000e+00
60 1.04542503e+01 1.04428740e+01 8.96992907e-03 2.40637455e-03 0.00000000e+00
61 1.04178972e+01 1.04063406e+01 9.75382514e-03 1.80241698e-03 0.00000000e+00
62 1.04497833e+01 1.04381676e+01 1.01887966e-02 1.42709631e-03 0.00000000e+00
63 9.81704807e+00 9.80561447e+00 1.03226872e-02 1.11134234e-03 0.00000000e+00
64 1.03791590e+01 1.03662710e+01 1.18461596e-02 1.04138604e-03 0.00000000e+00
65 1.03837833e+01 1.03687248e+01 1.37076611e-02 1.35020493e-03 0.00000000e+00
66 9.17806625e+00 9.15993023e+00 1.62088908e-02 1.92707009e-03 0.00000000e+00
67 9.20709705e+00 9.18149090e+00 2.15708762e-02 4.03516274e-03 0.00000000e+00
68 9.46113968e+00 9.41743088e+00 3.51453051e-02 8.56274180e-03 0.00000000e+00
69 1.13385963e+01 1.12798767e+01 4.77433689e-02 1.09758656e-02 0.00000000e+00
70 1.06413260e+01 1.06032915e+01 3.32805514e-02 4.75411769e-03 0.00000000e+00
71 1.00412025e+01 1.00137482e+01 2.51922999e-02 2.26246449e-03 0.00000000e+00
72 1.00650940e+01 1.00417480e+01 2.10069045e-02 2.33962224e-03 0.00000000e+00
73 1.02104177e+01 1.01848269e+01 2.11209562e-02 4.47030831e-03 0.00000000e+00
74 1.00746441e+01 1.00437794e+01 2.34495662e-02 7.41503062e-03 0.00000000e+00
75 1.02778759e+01 1.02409544e+01 2.61267107e-02 1.07946014e-02 0.00000000e+00
76 1.03678026e+01 1.03265085e+01 2.81125084e-02 1.31817702e-02 0.00000000e+00
77 1.01701069e+01 1.01278400e+01 2.76946016e-02 1.45723708e-02 0.00000000e+00
78 1.02062130e+01 1.01629257e+01 2.81584859e-02 1.51289459e-02 0.00000000e+00
79 1.01335125e+01 1.00943365e+01 2.50622239e-02 1.41130108e-02 0.00000000e+00
80 1.00316792e+01 9.99607849e+00 2.32080258e-02 1.23928832e-02 0.00000000e+00
81 9.83643532e+00 9.80402756e+00 2.19320301e-02 1.04757110e-02 0.00000000e+00
82 9.52809620e+00 9.49885750e+00 2.03763675e-02 8.86203907e-03 0.00000000e+00
83 9.11964989e+00 9.08751106e+00 2.30225213e-02 9.11620632e-03 0.00000000e+00
84 2.81728725e+01 2.81403408e+01 2.47940887e-02 7.73751223e-03 0.00000000e+00
85 1.03096676e+01 1.02940893e+01 1.27850873e-02 2.79365946e-03 0.00000000e+00
86 1.01489658e+01 1.01411486e+01 6.91653509e-03 8.99837702e-04 0.00000000e+00
87 1.04551048e+01 1.04510145e+01 3.74445412e-03 3.46559624e-04 0.00000000e+00
88 1.05571060e+01 1.05548353e+01 2.05728132e-03 2.13500665e-04 0.00000000e+00
89 1.05351009e+01 1.05336170e+01 1.30319968e-03 1.80401606e-04 0.00000000e+00
90 1.06293736e+01 1.06284161e+01 7.87226949e-04 1.70929430e-04 0.00000000e+00
91 1.05878334e+01 1.05870352e+01 6.22114749e-04 1.76083850e-04 0.00000000e+00
92 1.06853647e+01 1.06845751e+01 5.95628400e-04 1.93189961e-04 0.00000000e+00
93 1.06144924e+01 1.06136379e+01 6.31883682e-04 2.22484814e-04 0.00000000e+00
94 1.05923262e+01 1.05913649e+01 6.95453782e-04 2.66195129e-04 0.00000000e+00
95 1.06925497e+01 1.06914568e+01 7.68447469e-04 3.24057590e-04 0.00000000e+00
96 1.05726709e+01 1.05714025e+01 8.86956230e-04 3.81169026e-04 0.00000000e+00
97 1.06398678e+01 1.06384506e+01 9.56457458e-04 4.60492127e-04 0.00000000e+00
98 1.05487480e+01 1.05472708e+01 9.32039984e-04 5.45239483e-04 0.00000000e+00
99 1.07245350e+01 1.07226219e+01 1.19676394e-03 7.16620125e-04 0.00000000e+00
100 1.06128492e+01 1.06106014e+01 1.38569390e-03 8.62452085e-04 0.00000000e+00
101 1.04984684e+01 1.04959412e+01 1.50272262e-03 1.02423551e-03 0.00000000e+00
102 1.05693130e+01 1.05663033e+01 1.77512167e-03 1.23470579e-03 0.00000000e+00
103 1.05658369e+01 1.05623140e+01 2.09854264e-03 1.42489292e-03 0.00000000e+00
104 1.05925102e+01 1.05885859e+01 2.29656277e-03 1.62809866e-03 0.00000000e+00
105 1.03998318e+01 1.03952141e+01 2.77602044e-03 1.84130867e-03 0.00000000e+00
106 1.06297588e+01 1.06241693e+01 3.34395748e-03 2.24628253e-03 0.00000000e+00
107 1.05743361e+01 1.05677938e+01 4.00220929e-03 2.53996206e-03 0.00000000e+00
108 1.04271927e+01 1.04201040e+01 4.31459211e-03 2.77429307e-03 0.00000000e+00
109 1.06793394e+01 1.06715450e+01 4.81293723e-03 2.98085739e-03 0.00000000e+00
110 1.05100660e+01 1.05018291e+01 5.22974785e-03 3.00666876e-03 0.00000000e+00
111 1.05768805e+01 1.05685596e+01 5.30987512e-03 3.01041035e-03 0.00000000e+00
112 1.06904573e+01 1.06825066e+01 5.05856145e-03 2.89255450e-03 0.00000000e+00
113 1.03692770e+01 1.03619041e+01 4.83509665e-03 2.53782468e-03 0.00000000e+00
114 1.04955597e+01 1.04887943e+01 4.53774445e-03 2.22775713e-03 0.00000000e+00
115 1.05039034e+01 1.04977093e+01 4.30130959e-03 1.89306075e-03 0.00000000e+00
116 1.05203476e+01 1.05151787e+01 3.68316984e-03 1.48571935e-03 0.00000000e+00
117 1.05005274e+01 1.04964409e+01 3.01890634e-03 1.06746610e-03 0.00000000e+00
118 1.04213343e+01 1.04184837e+01 2.18356331e-03 6.66210661e-04 0.00000000e+00
119 1.04567060e+01 1.04544897e+01 1.80763216e-03 4.09406755e-04 0.00000000e+00
120 1.03765020e+01 1.03746071e+01 1.60475262e-03 2.90193653e-04 0.00000000e+00
121 1.04343081e+01 1.04324160e+01 1.62978133e-03 2.62354442e-04 0.00000000e+00
122 1.03792000e+01 1.03771057e+01 1.78605341e-03 3.07786191e-04 0.00000000e+00
123 1.03403139e+01 1.03380098e+01 1.93738088e-03 3.67527478e-04 0.00000000e+00
124 1.04151049e+01 1.04124994e+01 2.18693353e-03 4.18775482e-04 0.00000000e+00
125 1.03585997e+01 1.03559113e+01 2.19735363e-03 4.90950013e-04 0.00000000e+00
126 1.03993683e+01 1.03964405e+01 2.41702236e-03 5.11436956e-04 0.00000000e+00
127 1.03296709e+01 1.03265066e+01 2.65235081e-03 5.12263039e-04 0.00000000e+00
128 1.04005022e+01 1.03971376e+01 2.87889922e-03 4.85554338e-04 0.00000000e+00
129 1.03685093e+01 1.03648758e+01 3.13568395e-03 4.98000998e-04 0.00000000e+00
130 1.03019686e+01 1.02980394e+01 3.39673809e-03 5.31978381e-04 0.00000000e+00
131 1.02018232e+01 1.01970072e+01 4.25115414e-03 5.64459246e-04 0.00000000e+00
132 1.02175789e+01 1.02122707e+01 4.67044814e-03 6.37633726e-04 0.00000000e+00
133 1.02777138e+01 1.02717466e+01 5.25664259e-03 7.10058725e-04 0.00000000e+00
134 1.04184608e+01 1.04111729e+01 6.48162607e-03 8.06575059e-04 0.00000000e+00
135 9.35655689e+00 9.34818268e+00 7.43539538e-03 9.38218844e-04 0.00000000e+00
136 1.02997704e+01 1.02894039e+01 9.18976683e-03 1.17649231e-03 0.00000000e+00
137 9.72971249e+00 9.71696091e+00 1.12520708e-02 1.49933517e-03 0.00000000e+00
138 1.02805672e+01 1.02642746e+01 1.43977506e-02 1.89499720e-03 0.00000000e+00
139 9.88868618e+00 9.87042427e+00 1.60169136e-02 2.24471465e-03 0.00000000e+00
140 1.04601402e+01 1.04395523e+01 1.81025043e-02 2.48484127e-03 0.00000000e+00
141 1.04375954e+01 1.04164305e+01 1.85054038e-02 2.65962747e-03 0.00000000e+00
142 1.01857224e+01 1.01648846e+01 1.83040611e-02 2.53363024e-03 0.00000000e+00
143 9.57660770e+00 9.55681133e+00 1.74058303e-02 2.39050994e-03 0.00000000e+00
144 9.63394737e+00 9.61475849e+00 1.68967731e-02 2.29192129e-03 0.00000000e+00
145 1.00260906e+01 1.00065689e+01 1.71745606e-02 2.34682602e-03 0.00000000e+00
146 1.04448004e+01 1.04239845e+01 1.83046162e-02 2.51079351e-03 0.00000000e+00
147 1.04963465e+01 1.04754391e+01 1.84737779e-02 2.43363343e-03 0.00000000e+00
148 1.03278389e+01 1.03085909e+01 1.70674138e-02 2.18098192e-03 0.00000000e+00
149 1.01103592e+01 1.00918198e+01 1.63532738e-02 2.18581036e-03 0.00000000e+00
150 9.95969296e+00 9.94294071e+00 1.47030307e-02 2.04968476e-03 0.00000000e+00
151 1.03498011e+01 1.03326654e+01 1.51175205e-02 2.01806077e-03 0.00000000e+00
152 9.67022800e+00 9.65327168e+00 1.49777215e-02 1.97878713e-03 0.00000000e+00
153 1.03515587e+01 1.03355322e+01 1.40952747e-02 1.93156640e-03 0.00000000e+00
154 1.02873116e+01 1.02722921e+01 1.32083958e-02 1.81073172e-03 0.00000000e+00
155 9.74694633e+00 9.73242188e+00 1.27703864e-02 1.75424421e-03 0.00000000e+00
156 9.88637447e+00 9.87176895e+00 1.28675755e-02 1.73754641e-03 0.00000000e+00
157 1.00279713e+01 1.00138512e+01 1.23306662e-02 1.78946485e-03 0.00000000e+00
158 1.04025927e+01 1.03890791e+01 1.17574241e-02 1.75558077e-03 0.00000000e+00
159 9.08204460e+00 9.06933689e+00 1.09252436e-02 1.78214826e-03 0.00000000e+00
160 8.81653976e+00 8.80328083e+00 1.14322510e-02 1.82672194e-03 0.00000000e+00
161 1.03441181e+01 1.03300190e+01 1.23041216e-02 1.79456372e-03 0.00000000e+00
162 9.71016502e+00 9.69516754e+00 1.31920278e-02 1.80571596e-03 0.00000000e+00
163 1.03306055e+01 1.03150730e+01 1.37103582e-02 1.82291633e-03 0.00000000e+00
164 1.03982420e+01 1.03832235e+01 1.31718256e-02 1.84634305e-03 0.00000000e+00
165 1.00374022e+01 1.00222797e+01 1.32751791e-02 1.84747577e-03 0.00000000e+00
166 1.01703472e+01 1.01563587e+01 1.21384338e-02 1.85045134e-03 0.00000000e+00
167 1.04891682e+01 1.04767580e+01 1.05739748e-02 1.83569069e-03 0.00000000e+00
168 9.39725399e+00 9.38555241e+00 9.75935999e-03 1.94275402e-03 0.00000000e+00
169 9.45959187e+00 9.44915199e+00 8.27918295e-03 2.16072425e-03 0.00000000e+00
170 9.03067112e+00 9.02003479e+00 8.07120837e-03 2.56505283e-03 0.00000000e+00
171 9.46637058e+00 9.45463371e+00 8.64934921e-03 3.08710895e-03 0.00000000e+00
172 1.06307001e+01 1.06184864e+01 8.50474928e-03 3.70886480e-03 0.00000000e+00
173 9.90236759e+00 9.88935661e+00 8.85274634e-03 4.15760605e-03 0.00000000e+00
174 9.44069481e+00 9.42596912e+00 1.00621954e-02 4.66325926e-03 0.00000000e+00
175 1.07618332e+01 1.07462149e+01 1.06311506e-02 4.98701073e-03 0.00000000e+00
176 1.05048161e+01 1.04899340e+01 9.87521932e-03 5.00643160e-03 0.00000000e+00
177 1.04887800e+01 1.04743319e+01 9.94445104e-03 4.50308248e-03 0.00000000e+00
178 1.02918634e+01 1.02790594e+01 8.89588241e-03 3.90861882e-03 0.00000000e+00
179 1.04013319e+01 1.03894196e+01 8.59935954e-03 3.31284059e-03 0.00000000e+00
180 1.02341099e+01 1.02216043e+01 9.56871361e-03 2.93596019e-03 0.00000000e+00
181 1.00739079e+01 1.00602760e+01 1.10802222e-02 2.55240081e-03 0.00000000e+00
182 1.02750263e+01 1.02602110e+01 1.25699472e-02 2.24452815e-03 0.00000000e+00
183 1.01114960e+01 1.00945253e+01 1.47838229e-02 2.18679919e-03 0.00000000e+00
184 9.96041870e+00 9.94170475e+00 1.65550746e-02 2.15945346e-03 0.00000000e+00
185 1.03342762e+01 1.03138819e+01 1.82414893e-02 2.15290044e-03 0.00000000e+00
186 9.51844978e+00 9.49622345e+00 1.99212600e-02 2.30459473e-03 0.00000000e+00
187 9.88902378e+00 9.86338139e+00 2.31229495e-02 2.51957588e-03 0.00000000e+00
188 9.87702656e+00 9.85009670e+00 2.43299138e-02 2.59937486e-03 0.00000000e+00
189 9.99857807e+00 9.97077847e+00 2.50838511e-02 2.71622674e-03 0.00000000e+00
190 1.04171591e+01 1.03884735e+01 2.58909389e-02 2.79434002e-03 0.00000000e+00
191 1.03346968e+01 1.03073292e+01 2.47120913e-02 2.65521766e-03 0.00000000e+00
192 1.00178728e+01 9.99016857e+00 2.51381565e-02 2.56614317e-03 0.00000000e+00
193 9.90018559e+00 9.87409973e+00 2.36825198e-02 2.40337942e-03 0.00000000e+00
194 1.01840725e+01 1.01585522e+01 2.31702887e-02 2.35022465e-03 0.00000000e+00
195 9.85553360e+00 9.83170033e+00 2.16040127e-02 2.22922745e-03 0.00000000e+00
196 9.94221592e+00 9.92003059e+00 2.00480502e-02 2.13693711e-03 0.00000000e+00
197 1.00287285e+01 1.00080700e+01 1.85065251e-02 2.15242617e-03 0.00000000e+00
198 1.02903452e+01 1.02702351e+01 1.78790949e-02 2.23055552e-03 0.00000000e+00
199 9.81469250e+00 9.79529572e+00 1.70624796e-02 2.33485363e-03 0.00000000e+00
200 9.57945538e+00 9.56109238e+00 1.56938024e-02 2.66893208e-03 0.00000000e+00
201 1.03228788e+01 1.03049583e+01 1.51441749e-02 2.77654547e-03 0.00000000e+00
202 9.73039818e+00 9.71282387e+00 1.46002034e-02 2.97439564e-03 0.00000000e+00
203 1.00012283e+01 9.98368454e+00 1.43137313e-02 3.22964741e-03 0.00000000e+00
204 1.00871344e+01 1.00704365e+01 1.31602734e-02 3.53671005e-03 0.00000000e+00
205 9.88756466e+00 9.87049389e+00 1.32338777e-02 3.83659406e-03 0.00000000e+00
206 9.96668053e+00 9.94974804e+00 1.26797957e-02 4.25228290e-03 0.00000000e+00
207 9.87366009e+00 9.85738468e+00 1.16536142e-02 4.62162867e-03 0.00000000e+00
208 1.02639036e+01 1.02470131e+01 1.20316418e-02 4.85938508e-03 0.00000000e+00
209 1.01720390e+01 1.01544971e+01 1.21421861e-02 5.39994100e-03 0.00000000e+00
210 9.37187481e+00 9.35481930e+00 1.12503255e-02 5.80517994e-03 0.00000000e+00
211 9.41242123e+00 9.39502907e+00 1.17428545e-02 5.64962113e-03 0.00000000e+00
212 9.65701103e+00 9.63918114e+00 1.19942063e-02 5.83564956e-03 0.00000000e+00
213 1.01287966e+01 1.01117315e+01 1.08599244e-02 6.20539952e-03 0.00000000e+00
214 9.42511654e+00 9.40745163e+00 1.14460653e-02 6.21932093e-03 0.00000000e+00
215 1.03565197e+01 1.03392887e+01 1.06476946e-02 6.58326223e-03 0.00000000e+00
216 9.44414616e+00 9.42588139e+00 1.15452623e-02 6.72004092e-03 0.00000000e+00
217 9.71348953e+00 9.69641781e+00 1.06946900e-02 6.37738314e-03 0.00000000e+00
218 1.00711994e+01 1.00551805e+01 9.97169036e-03 6.04749657e-03 0.00000000e+00
219 9.67934895e+00 9.66275978e+00 1.09305326e-02 5.65876113e-03 0.00000000e+00
220 1.02610807e+01 1.02450428e+01 1.06715728e-02 5.36597846e-03 0.00000000e+00
221 1.02487497e+01 1.02324219e+01 1.12577984e-02 5.06965024e-03 0.00000000e+00
222 1.01426077e+01 1.01260977e+01 1.16223330e-02 4.88750683e-03 0.00000000e+00
223 9.73373699e+00 9.71619320e+00 1.26329167e-02 4.91040759e-03 0.00000000e+00
224 9.50500107e+00 9.48764610e+00 1.30037172e-02 4.35169879e-03 0.00000000e+00
225 9.66540909e+00 9.64705181e+00 1.45910848e-02 3.76624661e-03 0.00000000e+00
226 1.00298033e+01 1.00106926e+01 1.56900398e-02 3.42051242e-03 0.00000000e+00
227 9.37874699e+00 9.35836220e+00 1.71437431e-02 3.24060349e-03 0.00000000e+00
228 1.02503958e+01 1.02290020e+01 1.83993671e-02 2.99435481e-03 0.00000000e+00
229 9.90321255e+00 9.88099098e+00 1.92121714e-02 3.01010045e-03 0.00000000e+00
230 9.70535660e+00 9.68299198e+00 1.93669423e-02 2.99708988e-03 0.00000000e+00
231 9.83958340e+00 9.81609344e+00 2.04956029e-02 2.99488357e-03 0.00000000e+00
232 1.01595316e+01 1.01359901e+01 2.03772187e-02 3.16383038e-03 0.00000000e+00
233 1.03200302e+01 1.02989140e+01 1.75958257e-02 3.52016115e-03 0.00000000e+00
234 1.01676197e+01 1.01454382e+01 1.82975400e-02 3.88428662e-03 0.00000000e+00
235 9.95863819e+00 9.93827343e+00 1.59572400e-02 4.40806895e-03 0.00000000e+00
236 9.97557354e+00 9.95603943e+00 1.46270711e-02 4.90699988e-03 0.00000000e+00
237 9.89079666e+00 9.87089825e+00 1.42606096e-02 5.63832885e-03 0.00000000e+00
238 1.00633440e+01 1.00431223e+01 1.39828762e-02 6.23867102e-03 0.00000000e+00
239 1.01278105e+01 1.01071548e+01 1.38809932e-02 6.77497918e-03 0.00000000e+00
240 9.64107227e+00 9.62059498e+00 1.32671241e-02 7.21012894e-03 0.00000000e+00
241 9.93181419e+00 9.91045475e+00 1.36115057e-02 7.74752256e-03 0.00000000e+00
242 9.91316414e+00 9.89150715e+00 1.39948949e-02 7.66175753e-03 0.00000000e+00
243 9.20043564e+00 9.17803478e+00 1.43693676e-02 8.03174730e-03 0.00000000e+00
244 1.00049543e+01 9.98316383e+00 1.45663628e-02 7.22417748e-03 0.00000000e+00
245 9.95638847e+00 9.93387794e+00 1.57706980e-02 6.73943572e-03 0.00000000e+00
246 1.03887119e+01 1.03666334e+01 1.60527769e-02 6.02546427e-03 0.00000000e+00
247 9.66763687e+00 9.64509201e+00 1.72271971e-02 5.31788869e-03 0.00000000e+00
248 9.73641109e+00 9.71148300e+00 2.03389656e-02 4.58950596e-03 0.00000000e+00
249 1.01454620e+01 1.01198931e+01 2.13389155e-02 4.23088949e-03 0.00000000e+00
250 1.02236204e+01 1.01968880e+01 2.27637794e-02 3.96859646e-03 0.00000000e+00
251 9.92722225e+00 9.89597321e+00 2.74235941e-02 3.82473366e-03 0.00000000e+00
252 9.79723740e+00 9.76696491e+00 2.62943674e-02 3.97798978e-03 0.00000000e+00
253 9.61337280e+00 9.58337402e+00 2.59939414e-02 4.00445238e-03 0.00000000e+00
254 9.79423904e+00 9.76452160e+00 2.56522465e-02 4.06550709e-03 0.00000000e+00
255 9.57781410e+00 9.54679203e+00 2.69678682e-02 4.05430002e-03 0.00000000e+00
256 1.03725119e+01 1.03408718e+01 2.73851696e-02 4.25514020e-03 0.00000000e+00
257 9.39165497e+00 9.35947800e+00 2.77189873e-02 4.45825979e-03 0.00000000e+00
258 9.99380302e+00 9.96345901e+00 2.57363562e-02 4.60725557e-03 0.00000000e+00
259 9.79211617e+00 9.76270676e+00 2.44399086e-02 4.96949861e-03 0.00000000e+00
260 1.00543089e+01 1.00251446e+01 2.39263978e-02 5.23763895e-03 0.00000000e+00
261 9.98531818e+00 9.95588875e+00 2.39089448e-02 5.52035030e-03 0.00000000e+00
262 9.59674549e+00 9.56799316e+00 2.31855158e-02 5.56637440e-03 0.00000000e+00
263 9.53176975e+00 9.50242329e+00 2.32260693e-02 6.12082612e-03 0.00000000e+00
264 9.93346882e+00 9.90511799e+00 2.18374003e-02 6.51344843e-03 0.00000000e+00
265 1.00210342e+01 9.99365997e+00 2.04981230e-02 6.87584700e-03 0.00000000e+00
266 9.40151691e+00 9.37299061e+00 2.12862920e-02 7.24046025e-03 0.00000000e+00
267 9.78027916e+00 9.75260448e+00 2.00843774e-02 7.58986082e-03 0.00000000e+00
268 1.00375252e+01 1.00099497e+01 1.96264684e-02 7.94866867e-03 0.00000000e+00
269 9.67375469e+00 9.64559269e+00 2.00681146e-02 8.09412356e-03 0.00000000e+00
270 9.99992466e+00 9.97153187e+00 2.02796496e-02 8.11284967e-03 0.00000000e+00
271 9.64330769e+00 9.61650658e+00 1.83723290e-02 8.42899550e-03 0.00000000e+00
272 9.70864201e+00 9.67959023e+00 2.03905031e-02 8.66140146e-03 0.00000000e+00
273 9.92745304e+00 9.90141106e+00 1.72598530e-02 8.78227502e-03 0.00000000e+00
274 9.48395729e+00 9.45638084e+00 1.87388677e-02 8.83772783e-03 0.00000000e+00
275 9.16143608e+00 9.13432121e+00 1.85656305e-02 8.54987651e-03 0.00000000e+00
276 1.00511923e+01 1.00246763e+01 1.81961674e-02 8.31956789e-03 0.00000000e+00
277 9.04611301e+00 9.01798820e+00 2.03419551e-02 7.78338732e-03 0.00000000e+00
278 9.73100185e+00 9.70319271e+00 2.10748445e-02 6.73410296e-03 0.00000000e+00
279 1.02799597e+01 1.02508049e+01 2.30199527e-02 6.13545254e-03 0.00000000e+00
280 9.36144733e+00 9.32916164e+00 2.66285371e-02 5.65767242e-03 0.00000000e+00
281 9.14487362e+00 9.11376953e+00 2.56318096e-02 5.47243748e-03 0.00000000e+00
282 9.39914131e+00 9.36719227e+00 2.67394297e-02 5.21039311e-03 0.00000000e+00
283 9.37772179e+00 9.34608936e+00 2.65361741e-02 5.09618083e-03 0.00000000e+00
284 9.60963726e+00 9.57925224e+00 2.50967983e-02 5.28829545e-03 0.00000000e+00
285 1.01057434e+01 1.00755148e+01 2.47142222e-02 5.51391207e-03 0.00000000e+00
286 1.01271276e+01 1.00997353e+01 2.15632599e-02 5.82869677e-03 0.00000000e+00
287 9.05158138e+00 9.02436447e+00 2.09931005e-02 6.22400735e-03 0.00000000e+00
288 1.00217886e+01 9.99634838e+00 1.84097234e-02 7.03069847e-03 0.00000000e+00
289 9.24334812e+00 9.21813011e+00 1.74225755e-02 7.79528078e-03 0.00000000e+00
290 9.41471672e+00 9.38881683e+00 1.75360553e-02 8.36369582e-03 0.00000000e+00
291 9.65695858e+00 9.63075829e+00 1.77894216e-02 8.40998068e-03 0.00000000e+00
292 1.02786074e+01 1.02531748e+01 1.73929259e-02 8.03922676e-03 0.00000000e+00
293 1.04002991e+01 1.03746738e+01 1.78554710e-02 7.76969828e-03 0.00000000e+00
294 9.72426414e+00 9.69746113e+00 1.94117539e-02 7.39071192e-03 0.00000000e+00
295 1.01562443e+01 1.01295309e+01 1.95402596e-02 7.17391307e-03 0.00000000e+00
296 9.84179497e+00 9.81503582e+00 1.95533801e-02 7.20571959e-03 0.00000000e+00
297 9.56176281e+00 9.53413486e+00 2.03856509e-02 7.24248076e-03 0.00000000e+00
298 9.99455929e+00 9.96724892e+00 2.04564799e-02 6.85399026e-03 0.00000000e+00
299 1.01622066e+01 1.01349840e+01 2.06769854e-02 6.54563541e-03 0.00000000e+00
300 1.03674173e+01 1.03399010e+01 2.13699993e-02 6.14630571e-03 0.00000000e+00
301 8.88043118e+00 8.85165596e+00 2.28724089e-02 5.90303680e-03 0.00000000e+00
302 9.30887699e+00 9.28014755e+00 2.33104434e-02 5.41917654e-03 0.00000000e+00
303 9.52701473e+00 9.49821663e+00 2.36933697e-02 5.10517927e-03 0.00000000e+00
304 9.65145016e+00 9.61984634e+00 2.67131813e-02 4.89032222e-03 0.00000000e+00
305 9.65565586e+00 9.62237644e+00 2.86591966e-02 4.62022843e-03 0.00000000e+00
306 1.00409479e+01 1.00075903e+01 2.89348904e-02 4.42318479e-03 0.00000000e+00
307 9.16397095e+00 9.12906265e+00 3.05387639e-02 4.36971337e-03 0.00000000e+00
308 9.90918827e+00 9.87688065e+00 2.79254410e-02 4.38201660e-03 0.00000000e+00
309 1.00823660e+01 1.00517378e+01 2.60805395e-02 4.54796059e-03 0.00000000e+00
310 1.00447969e+01 1.00165539e+01 2.36317813e-02 4.61058551e-03 0.00000000e+00
311 1.00920849e+01 1.00637684e+01 2.36172695e-02 4.69855871e-03 0.00000000e+00
312 1.02058735e+01 1.01791277e+01 2.21161991e-02 4.62935492e-03 0.00000000e+00
313 9.76545429e+00 9.73804665e+00 2.25436315e-02 4.86364868e-03 0.00000000e+00
314 9.56448936e+00 9.53755856e+00 2.18317434e-02 5.09930123e-03 0.00000000e+00
315 9.49563503e+00 9.46967411e+00 2.07657441e-02 5.19579276e-03 0.00000000e+00
316 9.09369850e+00 9.06815052e+00 1.99381411e-02 5.60914259e-03 0.00000000e+00
317 1.00269680e+01 1.00027885e+01 1.83541235e-02 5.82519732e-03 0.00000000e+00
318 9.97252560e+00 9.94876385e+00 1.74949076e-02 6.26661209e-03 0.00000000e+00
319 9.70389080e+00 9.67846584e+00 1.87932998e-02 6.63176225e-03 0.00000000e+00
320 1.00118361e+01 9.98779583e+00 1.70556419e-02 6.98498916e-03 0.00000000e+00
321 9.85916328e+00 9.83445740e+00 1.73357911e-02 7.36954901e-03 0.00000000e+00
322 9.61581993e+00 9.59061241e+00 1.77758317e-02 7.43207149e-03 0.00000000e+00
323 9.96603394e+00 9.94023895e+00 1.80796608e-02 7.71508459e-03 0.00000000e+00
324 9.84132290e+00 9.81617928e+00 1.68854073e-02 8.25822633e-03 0.00000000e+00
325 9.91970539e+00 9.89496136e+00 1.68118086e-02 7.93273281e-03 0.00000000e+00
326 9.34192848e+00 9.31773758e+00 1.65463574e-02 7.64436880e-03 0.00000000e+00
327 9.81951046e+00 9.79460621e+00 1.72384232e-02 7.66591728e-03 0.00000000e+00
328 1.01557884e+01 1.01306143e+01 1.78608149e-02 7.31417164e-03 0.00000000e+00
329 9.06915760e+00 9.04503155e+00 1.70969460e-02 7.02990266e-03 0.00000000e+00
330 9.92979050e+00 9.90577030e+00 1.70331635e-02 6.98689045e-03 0.00000000e+00
331 1.00050049e+01 9.97913551e+00 1.89211946e-02 6.94806408e-03 0.00000000e+00
332 9.25745583e+00 9.23119259e+00 1.94904562e-02 6.77342014e-03 0.00000000e+00
333 9.66281319e+00 9.63762188e+00 1.86102502e-02 6.58133812e-03 0.00000000e+00
334 1.00943937e+01 1.00693874e+01 1.85889397e-02 6.41734106e-03 0.00000000e+00
335 9.90942383e+00 9.88295650e+00 2.03872081e-02 6.07983116e-03 0.00000000e+00
336 1.00318537e+01 1.00059118e+01 2.01458894e-02 5.79678966e-03 0.00000000e+00
337 9.97842693e+00 9.95398808e+00 1.89124364e-02 5.52655198e-03 0.00000000e+00
338 9.05233383e+00 9.02575970e+00 2.11386830e-02 5.43464581e-03 0.00000000e+00
339 1.02126427e+01 1.01843834e+01 2.31980681e-02 5.06111607e-03 0.00000000e+00
340 1.01788387e+01 1.01496658e+01 2.44581345e-02 4.71539889e-03 0.00000000e+00
341 1.00374775e+01 1.00058947e+01 2.70728637e-02 4.51020524e-03 0.00000000e+00
342 1.00739183e+01 1.00430460e+01 2.64725089e-02 4.39995294e-03 0.00000000e+00
343 1.00376873e+01 1.00044403e+01 2.89962627e-02 4.25058603e-03 0.00000000e+00
344 9.88757038e+00 9.85482788e+00 2.83635296e-02 4.37901495e-03 0.00000000e+00
345 1.01278439e+01 1.00932875e+01 3.03039625e-02 4.25256882e-03 0.00000000e+00
346 1.00701876e+01 1.00369167e+01 2.91529801e-02 4.11767419e-03 0.00000000e+00
347 9.96597576e+00 9.93220139e+00 2.96173617e-02 4.15660534e-03 0.00000000e+00
348 9.69756699e+00 9.66524696e+00 2.81839948e-02 4.13619075e-03 0.00000000e+00
349 1.00136957e+01 9.98171329e+00 2.78116241e-02 4.17072419e-03 0.00000000e+00
350 9.80603504e+00 9.77578926e+00 2.61640958e-02 4.08134330e-03 0.00000000e+00
351 9.11950588e+00 9.08971786e+00 2.56564524e-02 4.13118349e-03 0.00000000e+00
352 1.02508583e+01 1.02208853e+01 2.58591082e-02 4.11422923e-03 0.00000000e+00
353 9.57880402e+00 9.54880333e+00 2.58277711e-02 4.17346973e-03 0.00000000e+00
354 1.00163479e+01 9.98913097e+00 2.30704490e-02 4.14620340e-03 0.00000000e+00
355 9.56315899e+00 9.53424358e+00 2.47171503e-02 4.19774093e-03 0.00000000e+00
356 9.98523426e+00 9.95872688e+00 2.21522320e-02 4.35538823e-03 0.00000000e+00
357 9.50112247e+00 9.47480106e+00 2.18237434e-02 4.49727057e-03 0.00000000e+00
358 9.64595509e+00 9.61984253e+00 2.15823893e-02 4.53032972e-03 0.00000000e+00
359 9.36976242e+00 9.34265232e+00 2.25296300e-02 4.58046375e-03 0.00000000e+00
360 9.60624409e+00 9.58023357e+00 2.13913526e-02 4.61939257e-03 0.00000000e+00
361 9.23106289e+00 9.20610619e+00 2.02745795e-02 4.68219584e-03 0.00000000e+00
362 9.34133244e+00 9.31529808e+00 2.11671833e-02 4.86732041e-03 0.00000000e+00
363 9.47387600e+00 9.44808960e+00 2.08216477e-02 4.96504828e-03 0.00000000e+00
364 1.02624960e+01 1.02370663e+01 2.01008506e-02 5.32960752e-03 0.00000000e+00
365 1.00320845e+01 1.00078640e+01 1.87720228e-02 5.44842752e-03 0.00000000e+00
366 9.03419304e+00 9.00966263e+00 1.88088492e-02 5.72071085e-03 0.00000000e+00
367 9.93464661e+00 9.91091824e+00 1.81057304e-02 5.62293082e-03 0.00000000e+00
368 1.00309935e+01 1.00072250e+01 1.81930698e-02 5.57479262e-03 0.00000000e+00
369 1.01029615e+01 1.00780621e+01 1.93063673e-02 5.59329428e-03 0.00000000e+00
370 1.02824259e+01 1.02584095e+01 1.84341054e-02 5.58184413e-03 0.00000000e+00
371 9.60116482e+00 9.57628441e+00 1.93349067e-02 5.54576097e-03 0.00000000e+00
372 9.79620457e+00 9.77167034e+00 1.91001743e-02 5.43371169e-03 0.00000000e+00
373 9.84593296e+00 9.82052708e+00 2.01375745e-02 5.26834792e-03 0.00000000e+00
374 1.01020288e+01 1.00765200e+01 2.03629844e-02 5.14610764e-03 0.00000000e+00
375 1.02375212e+01 1.02118435e+01 2.07629167e-02 4.91483789e-03 0.00000000e+00
376 1.00793629e+01 1.00534582e+01 2.11304855e-02 4.77379141e-03 0.00000000e+00
377 9.83835220e+00 9.81296921e+00 2.06307396e-02 4.75179218e-03 0.00000000e+00
378 9.45301247e+00 9.42695236e+00 2.12407187e-02 4.81890421e-03 0.00000000e+00
379 9.28184795e+00 9.25548172e+00 2.18538418e-02 4.51306300e-03 0.00000000e+00
380 1.00091772e+01 9.98295689e+00 2.16955859e-02 4.52525495e-03 0.00000000e+00
381 1.01000805e+01 1.00731764e+01 2.24759225e-02 4.42777388e-03 0.00000000e+00
382 9.19889355e+00 9.17164040e+00 2.29102224e-02 4.34267148e-03 0.00000000e+00
383 9.82422066e+00 9.79637146e+00 2.34828200e-02 4.36606212e-03 0.00000000e+00
384 1.00564384e+01 1.00276909e+01 2.46235020e-02 4.12400300e-03 0.00000000e+00
385 9.94480324e+00 9.91542816e+00 2.54142042e-02 3.96093959e-03 0.00000000e+00
386 9.32137585e+00 9.29173088e+00 2.58260183e-02 3.81810265e-03 0.00000000e+00
387 9.53289223e+00 9.50199032e+00 2.70405412e-02 3.86106316e-03 0.00000000e+00
388 9.90128040e+00 9.86955643e+00 2.78082732e-02 3.91592085e-03 0.00000000e+00
389 9.78636074e+00 9.75655460e+00 2.60127708e-02 3.79388384e-03 0.00000000e+00
390 1.01120386e+01 1.00825815e+01 2.55576055e-02 3.89987789e-03 0.00000000e+00
391 1.00621738e+01 1.00333557e+01 2.49563046e-02 3.86158517e-03 0.00000000e+00
392 9.60639668e+00 9.57849503e+00 2.39629932e-02 3.93880391e-03 0.00000000e+00
393 9.25981522e+00 9.23252678e+00 2.34278049e-02 3.86014651e-03 0.00000000e+00
394 1.01098318e+01 1.00825958e+01 2.32166275e-02 4.02009115e-03 0.00000000e+00
395 9.68244362e+00 9.65516949e+00 2.30929069e-02 4.18062694e-03 0.00000000e+00
396 9.83725548e+00 9.81104851e+00 2.20351443e-02 4.17176075e-03 0.00000000e+00
397 9.68976402e+00 9.66440010e+00 2.11705230e-02 4.19349922e-03 0.00000000e+00
398 9.08441830e+00 9.05943012e+00 2.05754843e-02 4.41221241e-03 0.00000000e+00
399 9.71980476e+00 9.69468880e+00 2.08055954e-02 4.31103259e-03 0.00000000e+00
400 9.65575027e+00 9.63148499e+00 1.99961159e-02 4.26939083e-03 0.00000000e+00
401 9.08934879e+00 9.06413174e+00 2.08464935e-02 4.37043700e-03 0.00000000e+00
402 9.97554111e+00 9.95027065e+00 2.09173877e-02 4.35395818e-03 0.00000000e+00
403 9.32668209e+00 9.30154228e+00 2.06013471e-02 4.53870278e-03 0.00000000e+00
404 1.01262512e+01 1.01001196e+01 2.17445418e-02 4.38683620e-03 0.00000000e+00
405 9.60492325e+00 9.57832623e+00 2.21806541e-02 4.41609416e-03 0.00000000e+00
406 9.81747532e+00 9.78953838e+00 2.36043409e-02 4.33233473e-03 0.00000000e+00
407 9.40149498e+00 9.37462044e+00 2.27852408e-02 4.08924557e-03 0.00000000e+00
408 1.02939749e+01 1.02662334e+01 2.37625875e-02 3.97905800e-03 0.00000000e+00
409 9.84038448e+00 9.81220818e+00 2.43179537e-02 3.85893439e-03 0.00000000e+00
410 9.69441795e+00 9.66497612e+00 2.56102588e-02 3.83232138e-03 0.00000000e+00
411 9.27812958e+00 9.24843502e+00 2.58337911e-02 3.86014907e-03 0.00000000e+00
412 9.43061829e+00 9.40184975e+00 2.48941965e-02 3.87454405e-03 0.00000000e+00
413 1.00897398e+01 1.00588188e+01 2.70541292e-02 3.86679871e-03 0.00000000e+00
414 9.91091251e+00 9.87979412e+00 2.71915179e-02 3.92677030e-03 0.00000000e+00
415 8.85511589e+00 8.82493591e+00 2.63329931e-02 3.84699623e-03 0.00000000e+00
416 8.91817379e+00 8.88514805e+00 2.91230995e-02 3.90290306e-03 0.00000000e+00
417 1.00546446e+01 1.00224600e+01 2.82689296e-02 3.91585892e-03 0.00000000e+00
418 9.94030285e+00 9.90698624e+00 2.94015985e-02 3.91471712e-03 0.00000000e+00
419 9.08638096e+00 9.05261517e+00 2.96871699e-02 4.07899357e-03 0.00000000e+00
420 9.88186359e+00 9.84662819e+00 3.10333408e-02 4.20225272e-03 0.00000000e+00
421 9.42625046e+00 9.39128017e+00 3.08827460e-02 4.08711797e-03 0.00000000e+00
422 9.65818977e+00 9.62419319e+00 2.97727436e-02 4.22372110e-03 0.00000000e+00
423 1.02348814e+01 1.02009993e+01 2.98031401e-02 4.07933211e-03 0.00000000e+00
424 9.90862274e+00 9.87563801e+00 2.89343055e-02 4.05060127e-03 0.00000000e+00
425 9.06669331e+00 9.03485680e+00 2.78093629e-02 4.02773451e-03 0.00000000e+00
426 9.78039455e+00 9.74966335e+00 2.67291628e-02 4.00202442e-03 0.00000000e+00
427 9.36013508e+00 9.32811165e+00 2.80087274e-02 4.01508203e-03 0.00000000e+00
428 9.63536263e+00 9.60292816e+00 2.83264779e-02 4.10827016e-03 0.00000000e+00
429 9.82532787e+00 9.79469490e+00 2.66279019e-02 4.00545588e-03 0.00000000e+00
430 9.88509560e+00 9.85323715e+00 2.77233608e-02 4.13466478e-03 0.00000000e+00
431 1.02382107e+01 1.02074347e+01 2.66934987e-02 4.08270583e-03 0.00000000e+00
432 9.88183117e+00 9.85119057e+00 2.66205855e-02 4.01961850e-03 0.00000000e+00
433 9.61875534e+00 9.58890533e+00 2.58626975e-02 3.98772815e-03 0.00000000e+00
434 8.48699188e+00 8.45780754e+00 2.51398049e-02 4.04416816e-03 0.00000000e+00
435 9.29661655e+00 9.26751900e+00 2.49566995e-02 4.14082687e-03 0.00000000e+00
436 8.84299374e+00 8.81396103e+00 2.48393044e-02 4.19293437e-03 0.00000000e+00
437 1.01057634e+01 1.00772800e+01 2.42206603e-02 4.26317006e-03 0.00000000e+00
438 1.00358734e+01 1.00074081e+01 2.39211768e-02 4.54453798e-03 0.00000000e+00
439 1.01034489e+01 1.00745163e+01 2.43405718e-02 4.59191622e-03 0.00000000e+00
440 1.01518612e+01 1.01245785e+01 2.26182919e-02 4.66434797e-03 0.00000000e+00
441 9.74488163e+00 9.71641731e+00 2.37075556e-02 4.75649768e-03 0.00000000e+00
442 1.01127691e+01 1.00850105e+01 2.28542089e-02 4.90496261e-03 0.00000000e+00
443 1.00278988e+01 9.99971771e+00 2.32137367e-02 4.96776123e-03 0.00000000e+00
444 1.01254454e+01 1.00966377e+01 2.36527435e-02 5.15471259e-03 0.00000000e+00
445 1.00388670e+01 1.00099001e+01 2.38279514e-02 5.13975648e-03 0.00000000e+00
446 9.99321842e+00 9.96628857e+00 2.19226610e-02 5.00636082e-03 0.00000000e+00
447 9.90091228e+00 9.87353134e+00 2.24182680e-02 4.96258121e-03 0.00000000e+00
448 1.00715208e+01 1.00426722e+01 2.39680596e-02 4.88121994e-03 0.00000000e+00
449 9.69428349e+00 9.66665077e+00 2.27196105e-02 4.91373055e-03 0.00000000e+00
450 9.94949818e+00 9.92263794e+00 2.19462886e-02 4.91416547e-03 0.00000000e+00
451 1.01023912e+01 1.00748711e+01 2.26774812e-02 4.84266318e-03 0.00000000e+00
452 1.01094332e+01 1.00824299e+01 2.23134942e-02 4.69021685e-03 0.00000000e+00
453 1.01404552e+01 1.01141481e+01 2.16995478e-02 4.60767141e-03 0.00000000e+00
454 9.85152721e+00 9.82431507e+00 2.27420367e-02 4.47017606e-03 0.00000000e+00
455 1.00854988e+01 1.00578566e+01 2.31903270e-02 4.45129443e-03 0.00000000e+00
456 9.35653114e+00 9.32964230e+00 2.23500095e-02 4.53885924e-03 0.00000000e+00
457 1.00938301e+01 1.00665932e+01 2.27739923e-02 4.46286332e-03 0.00000000e+00
458 1.02865276e+01 1.02605743e+01 2.15339679e-02 4.41958848e-03 0.00000000e+00
459 9.97241116e+00 9.94566727e+00 2.24242564e-02 4.31879330e-03 0.00000000e+00
460 9.57258987e+00 9.54562473e+00 2.27289181e-02 4.23614355e-03 0.00000000e+00
461 9.13862801e+00 9.11307335e+00 2.11858321e-02 4.36890405e-03 0.00000000e+00
462 9.72907352e+00 9.70247078e+00 2.22615376e-02 4.34096809e-03 0.00000000e+00
463 8.97775555e+00 8.95011902e+00 2.33883671e-02 4.24860138e-03 0.00000000e+00
464 1.01004362e+01 1.00740490e+01 2.21164860e-02 4.27037757e-03 0.00000000e+00
465 9.96567822e+00 9.93838882e+00 2.31161006e-02 4.17284574e-03 0.00000000e+00
466 9.32381916e+00 9.29608727e+00 2.34057289e-02 4.32611350e-03 0.00000000e+00
467 9.38158989e+00 9.35471249e+00 2.26800349e-02 4.19754907e-03 0.00000000e+00
468 9.13173485e+00 9.10353661e+00 2.39111595e-02 4.28687641e-03 0.00000000e+00
469 1.01827917e+01 1.01558628e+01 2.26662606e-02 4.26264387e-03 0.00000000e+00
470 9.23182011e+00 9.20486832e+00 2.26945486e-02 4.25701495e-03 0.00000000e+00
471 1.00005741e+01 9.97528267e+00 2.11241711e-02 4.16745804e-03 0.00000000e+00
472 9.75828075e+00 9.73073387e+00 2.33332589e-02 4.21377923e-03 0.00000000e+00
473 9.82345867e+00 9.79752541e+00 2.17947252e-02 4.13900660e-03 0.00000000e+00
474 9.72453976e+00 9.69727325e+00 2.31131949e-02 4.15339414e-03 0.00000000e+00
475 9.16885948e+00 9.14160919e+00 2.29940824e-02 4.25633695e-03 0.00000000e+00
476 9.17812538e+00 9.15098953e+00 2.30797641e-02 4.05570865e-03 0.00000000e+00
477 9.44054890e+00 9.41274261e+00 2.36412939e-02 4.16453183e-03 0.00000000e+00
478 9.93602943e+00 9.90939808e+00 2.26038154e-02 4.02770378e-03 0.00000000e+00
479 9.28708935e+00 9.25913715e+00 2.37977002e-02 4.15389147e-03 0.00000000e+00
480 9.98974514e+00 9.96151161e+00 2.42000055e-02 4.03313432e-03 0.00000000e+00
481 9.39984989e+00 9.37223530e+00 2.36641765e-02 3.95020377e-03 0.00000000e+00
482 1.02195711e+01 1.01921034e+01 2.34166328e-02 4.05101338e-03 0.00000000e+00
483 9.41016293e+00 9.38333797e+00 2.28066798e-02 4.01803292e-03 0.00000000e+00
484 9.60830975e+00 9.57863426e+00 2.57395878e-02 3.93541763e-03 0.00000000e+00
485 9.28989029e+00 9.26069832e+00 2.52980441e-02 3.89378681e-03 0.00000000e+00
486 9.87915039e+00 9.85147572e+00 2.37173364e-02 3.95787554e-03 0.00000000e+00
487 9.05597019e+00 9.02746677e+00 2.46473439e-02 3.85578349e-03 0.00000000e+00
488 1.00436096e+01 1.00159187e+01 2.37450395e-02 3.94604262e-03 0.00000000e+00
489 9.68820190e+00 9.65776730e+00 2.65240762e-02 3.90978996e-03 0.00000000e+00
490 9.51725388e+00 9.48914242e+00 2.41722986e-02 3.93944327e-03 0.00000000e+00
491 8.87927818e+00 8.85083580e+00 2.45138165e-02 3.92777845e-03 0.00000000e+00
492 9.92291355e+00 9.89471722e+00 2.43636947e-02 3.83275538e-03 0.00000000e+00
493 1.00208254e+01 9.99230003e+00 2.47979257e-02 3.72705492e-03 0.00000000e+00
494 9.79636478e+00 9.76759815e+00 2.49487963e-02 3.81744537e-03 0.00000000e+00
495 1.00601740e+01 1.00311394e+01 2.51537040e-02 3.88021371e-03 0.00000000e+00
496 9.99256706e+00 9.96351814e+00 2.52827499e-02 3.76582332e-03 0.00000000e+00
497 9.09830570e+00 9.06911469e+00 2.53645759e-02 3.82582122e-03 0.00000000e+00
498 9.39418221e+00 9.36635590e+00 2.41390690e-02 3.68674705e-03 0.00000000e+00
499 1.00681753e+01 1.00382090e+01 2.62811668e-02 3.68529418e-03 0.00000000e+00
500 9.97480392e+00 9.94631481e+00 2.47913748e-02 3.69732385e-03 0.00000000e+00
