# step L_total L_int L_bdry L_orth L_gradation
1 1.08545065e+01 1.08545065e+01 0.00000000e+00 0.00000000e+00 0.00000000e+00
2 1.08387861e+01 1.08363056e+01 2.27478240e-03 2.05606033e-04 0.00000000e+00
3 1.05481663e+01 1.05269985e+01 1.69938430e-02 4.17433493e-03 0.00000000e+00
4 1.06795826e+01 1.05843019e+01 7.08809868e-02 2.43999828e-02 0.00000000e+00
5 1.07175083e+01 1.04406242e+01 2.01211736e-01 7.56722018e-02 0.00000000e+00
6 1.06223249e+01 1.04076424e+01 1.50439516e-01 6.42430410e-02 0.00000000e+00
7 1.04232492e+01 1.03004751e+01 8.54956657e-02 3.72781977e-02 0.00000000e+00
8 1.03908625e+01 1.03194141e+01 4.90362123e-02 2.24121250e-02 0.00000000e+00
9 9.93265915e+00 9.86801052e+00 4.18800637e-02 2.27692127e-02 0.00000000e+00
10 1.05705423e+01 1.04659281e+01 6.52654395e-02 3.93487923e-02 0.00000000e+00
11 1.07673693e+01 1.06259232e+01 8.75393450e-02 5.39063513e-02 0.00000000e+00
12 1.06755514e+01 1.05415545e+01 8.31533372e-02 5.08429110e-02 0.00000000e+00
13 1.05700312e+01 1.04680099e+01 6.49812445e-02 3.70396860e-02 0.00000000e+00
14 1.05548658e+01 1.04769011e+01 5.16366512e-02 2.63280813e-02 0.00000000e+00
15 1.05116262e+01 1.04440365e+01 4.67680097e-02 2.08214577e-02 0.00000000e+00
16 1.05429611e+01 1.04719582e+01 5.05571961e-02 2.04454139e-02 0.00000000e+00
17 1.03747330e+01 1.02782583e+01 7.12489933e-02 2.52260230e-02 0.00000000e+00
18 1.04203281e+01 1.02884254e+01 9.56018567e-02 3.63002196e-02 0.00000000e+00
19 9.96483231e+00 9.77548122e+00 1.36641771e-01 5.27099520e-02 0.00000000e+00
20 9.88646126e+00 9.61601448e+00 1.95123345e-01 7.53226504e-02 0.00000000e+00
21 1.09980249e+01 1.06143389e+01 2.84469604e-01 9.92167816e-02 0.00000000e+00
22 1.10392580e+01 1.07078972e+01 2.55182326e-01 7.61780962e-02 0.00000000e+00
23 1.04890652e+01 1.02778454e+01 1.69360965e-01 4.18585576e-02 0.00000000e+00
24 1.05068512e+01 1.03813887e+01 1.05993897e-01 1.94685832e-02 0.00000000e+00
25 1.05286827e+01 1.04544687e+01 6.40746132e-02 1.01394895e-02 0.00000000e+00
26 1.05719728e+01 1.05195513e+01 4.54752482e-02 6.94633555e-03 0.00000000e+00
27 1.01967316e+01 1.01534195e+01 3.66186574e-02 6.69356948e-03 0.00000000e+00
28 1.04716091e+01 1.04231730e+01 3.89795713e-02 9.45633184e-03 0.00000000e+00
29 1.05169334e+01 1.04533014e+01 4.89422902e-02 1.46897249e-02 0.00000000e+00
30 1.04064846e+01 1.03173542e+01 6.48534223e-02 2.42764130e-02 0.00000000e+00
31 1.05740471e+01 1.04477215e+01 8.73024091e-02 3.90230119e-02 0.00000000e+00
32 1.02426567e+01 1.00738239e+01 1.12261698e-01 5.65708242e-02 0.00000000e+00
33 1.07387247e+01 1.05241699e+01 1.43389061e-01 7.11662173e-02 0.00000000e+00
34 1.07232409e+01 1.04999981e+01 1.48922652e-01 7.43195862e-02 0.00000000e+00
35 9.70515347e+00 9.51544476e+00 1.23186097e-01 6.65222257e-02 0.00000000e+00
36 1.01722364e+01 9.98287106e+00 1.22611113e-01 6.67547360e-02 0.00000000e+00
37 1.04299221e+01 1.02416506e+01 1.20803051e-01 6.74685985e-02 0.00000000e+00
38 1.06949472e+01 1.05386486e+01 9.90128517e-02 5.72858751e-02 0.00000000e+00
39 1.05139008e+01 1.03997078e+01 7.02341422e-02 4.39582355e-02 0.00000000e+00
40 9.75413322e+00 9.67295551e+00 4.99057397e-02 3.12717445e-02 0.00000000e+00
41 1.00066042e+01 9.92920971e+00 5.07429615e-02 2.66516805e-02 0.00000000e+00
42 1.05562105e+01 1.04745827e+01 5.80633432e-02 2.35641580e-02 0.00000000e+00
43 1.02460623e+01 1.01608524e+01 6.20293580e-02 2.31809337e-02 0.00000000e+00
44 1.07568722e+01 1.06636333e+01 6.87167943e-02 2.45216377e-02 0.00000000e+00
45 9.66421604e+00 9.57230186e+00 6.77280277e-02 2.41859332e-02 0.00000000e+00
46 9.34065437e+00 9.23635960e+00 7.41715357e-02 3.01241726e-02 0.00000000e+00
47 1.07578402e+01 1.06120415e+01 1.02731973e-01 4.30669188e-02 0.00000000e+00
48 8.90586185e+00 8.76376438e+00 9.93938148e-02 4.27038781e-02 0.00000000e+00
49 1.10292778e+01 1.08596706e+01 1.20678693e-01 4.89279702e-02 0.00000000e+00
50 1.05281219e+01 1.03963690e+01 9.46383849e-02 3.71146165e-02 0.00000000e+00
51 1.06151323e+01 1.05209827e+01 6.97978288e-02 2.43517961e-02 0.00000000e+00
52 1.04993038e+01 1.04293947e+01 5.37529029e-02 1.61560588e-02 0.00000000e+00
53 1.06333733e+01 1.05797739e+01 4.24341112e-02 1.11653544e-02 0.00000000e+00
54 1.05631676e+01 1.05177908e+01 3.68050002e-02 8.57140124e-03 0.00000000e+00
55 1.07079973e+01 1.06669397e+01 3.37045603e-02 7.35290442e-03 0.00000000e+00
56 1.04541836e+01 1.04171448e+01 2.99318507e-02 7.10697565e-03 0.00000000e+00
57 1.04722509e+01 1.04340601e+01 3.01823486e-02 8.00854620e-03 0.00000000e+00
58 1.04294434e+01 1.03852520e+01 3.37681398e-02 1.04237860e-02 0.00000000e+00
59 1.02965746e+01 1.02413445e+01 4.14035395e-02 1.38265006e-02 0.00000000e+00
60 1.05304899e+01 1.04604702e+01 5.13760038e-02 1.86435394e-02 0.00000000e+00
61 1.06820679e+01 1.05879860e+01 6.88082576e-02 2.52731517e-02 0.00000000e+00
62 1.04632454e+01 1.03443842e+01 8.50692466e-02 3.37916128e-02 0.00000000e+00
63 1.05097466e+01 1.03627052e+01 1.03809766e-01 4.32323590e-02 0.00000000e+00
64 1.04283228e+01 1.02541552e+01 1.22837611e-01 5.13292030e-02 0.00000000e+00
65 1.03870983e+01 1.02048874e+01 1.26739010e-01 5.54721430e-02 0.00000000e+00
66 1.04017935e+01 1.02102928e+01 1.33167908e-01 5.83320446e-02 0.00000000e+00
67 1.06119566e+01 1.04336710e+01 1.22812904e-01 5.54719754e-02 0.00000000e+00
68 1.05315294e+01 1.03647251e+01 1.17837280e-01 4.89675328e-02 0.00000000e+00
69 1.03906384e+01 1.02594538e+01 9.11109820e-02 4.00731526e-02 0.00000000e+00
70 1.03933868e+01 1.02911587e+01 6.91890866e-02 3.30389962e-02 0.00000000e+00
71 1.05497017e+01 1.04627018e+01 5.94107471e-02 2.75886171e-02 0.00000000e+00
72 1.02056923e+01 1.01273603e+01 5.47685176e-02 2.35633031e-02 0.00000000e+00
73 1.01591978e+01 1.00819283e+01 5.35002276e-02 2.37694290e-02 0.00000000e+00
74 1.03910532e+01 1.03065376e+01 5.81429526e-02 2.63733231e-02 0.00000000e+00
75 1.01907263e+01 1.00930014e+01 6.69577718e-02 3.07671819e-02 0.00000000e+00
76 1.05187674e+01 1.04033012e+01 8.20363685e-02 3.34303528e-02 0.00000000e+00
77 9.36894131e+00 9.24481678e+00 8.99483189e-02 3.41763198e-02 0.00000000e+00
78 1.06891041e+01 1.05320854e+01 1.12236500e-01 4.47828621e-02 0.00000000e+00
79 1.03745079e+01 1.02250090e+01 1.04195416e-01 4.53029387e-02 0.00000000e+00
80 1.05903559e+01 1.04551306e+01 9.92857218e-02 3.59388031e-02 0.00000000e+00
81 1.02246923e+01 1.01164131e+01 8.39238465e-02 2.43544765e-02 0.00000000e+00
82 9.76145649e+00 9.67152882e+00 7.32756332e-02 1.66525170e-02 0.00000000e+00
83 1.05125065e+01 1.04278755e+01 7.01538920e-02 1.44764073e-02 0.00000000e+00
84 1.06010942e+01 1.05187216e+01 6.81178644e-02 1.42543744e-02 0.00000000e+00
85 1.04710951e+01 1.03848534e+01 7.11802691e-02 1.50617221e-02 0.00000000e+00
86 1.04351740e+01 1.03407612e+01 7.76889771e-02 1.67233888e-02 0.00000000e+00
87 1.02993755e+01 1.01973448e+01 8.12742263e-02 2.07568426e-02 0.00000000e+00
88 1.01657696e+01 1.00486097e+01 8.99892002e-02 2.71703638e-02 0.00000000e+00
89 1.01780310e+01 1.00457268e+01 9.89444554e-02 3.33591625e-02 0.00000000e+00
90 9.82412243e+00 9.68012047e+00 1.05561554e-01 3.84408534e-02 0.00000000e+00
91 1.00847130e+01 9.92465496e+00 1.17201447e-01 4.28557619e-02 0.00000000e+00
92 1.06559296e+01 1.04905548e+01 1.20754585e-01 4.46202941e-02 0.00000000e+00
93 9.85338879e+00 9.69505405e+00 1.19293921e-01 3.90409753e-02 0.00000000e+00
94 9.97647572e+00 9.83959770e+00 1.06974423e-01 2.99035944e-02 0.00000000e+00
95 1.07354393e+01 1.06155806e+01 9.84954536e-02 2.13632379e-02 0.00000000e+00
96 1.07824640e+01 1.06764107e+01 9.11304727e-02 1.49227753e-02 0.00000000e+00
97 9.95639038e+00 9.86584854e+00 7.94755965e-02 1.10662598e-02 0.00000000e+00
98 9.51796627e+00 9.43648338e+00 6.98969960e-02 1.15858652e-02 0.00000000e+00
99 1.06231146e+01 1.05317039e+01 7.27993995e-02 1.86106190e-02 0.00000000e+00
100 9.95079041e+00 9.85459232e+00 6.96860701e-02 2.65121013e-02 0.00000000e+00
101 1.05585852e+01 1.04366674e+01 8.57185870e-02 3.62000093e-02 0.00000000e+00
102 9.68191147e+00 9.54641056e+00 9.30409953e-02 4.24596369e-02 0.00000000e+00
103 1.06170454e+01 1.04834518e+01 8.72109905e-02 4.63832095e-02 0.00000000e+00
104 1.04481936e+01 1.03108044e+01 9.04164091e-02 4.69732843e-02 0.00000000e+00
105 1.02516699e+01 1.01160116e+01 8.94214585e-02 4.62367423e-02 0.00000000e+00
106 1.02870274e+01 1.01518049e+01 8.79894346e-02 4.72323522e-02 0.00000000e+00
107 1.04220324e+01 1.02898359e+01 8.43237042e-02 4.78724577e-02 0.00000000e+00
108 1.04418306e+01 1.03069983e+01 8.67706686e-02 4.80614640e-02 0.00000000e+00
109 1.05730047e+01 1.04338627e+01 8.79494101e-02 5.11922352e-02 0.00000000e+00
110 1.03770342e+01 1.02293110e+01 9.53811258e-02 5.23423776e-02 0.00000000e+00
111 1.02731209e+01 1.01162663e+01 1.06182173e-01 5.06728180e-02 0.00000000e+00
112 1.06485491e+01 1.04852123e+01 1.22062571e-01 4.12744582e-02 0.00000000e+00
113 1.02298708e+01 1.00740862e+01 1.23444937e-01 3.23396102e-02 0.00000000e+00
114 9.92150211e+00 9.76606083e+00 1.27637610e-01 2.78029498e-02 0.00000000e+00
115 1.05791950e+01 1.04414263e+01 1.11768901e-01 2.60002520e-02 0.00000000e+00
116 9.93635178e+00 9.81039810e+00 1.02494471e-01 2.34589726e-02 0.00000000e+00
117 9.37802124e+00 9.26989365e+00 8.37638378e-02 2.43633334e-02 0.00000000e+00
118 9.02833652e+00 8.91157627e+00 8.40736553e-02 3.26862894e-02 0.00000000e+00
119 1.14837294e+01 1.13489313e+01 9.02863741e-02 4.45116013e-02 0.00000000e+00
120 1.05852976e+01 1.05283489e+01 4.04771417e-02 1.64715126e-02 0.00000000e+00
121 1.05487232e+01 1.05241776e+01 1.91927329e-02 5.35258278e-03 0.00000000e+00
122 1.05334349e+01 1.05224752e+01 9.12497379e-03 1.83460815e-03 0.00000000e+00
123 1.07758236e+01 1.07703075e+01 4.72435262e-03 7.91198050e-04 0.00000000e+00
124 1.05505619e+01 1.05472956e+01 2.76203477e-03 5.04577241e-04 0.00000000e+00
125 1.07344303e+01 1.07320633e+01 1.89968757e-03 4.67557460e-04 0.00000000e+00
126 1.07036715e+01 1.07013922e+01 1.72687671e-03 5.51845354e-04 0.00000000e+00
127 1.07835064e+01 1.07809925e+01 1.96556514e-03 5.48466982e-04 0.00000000e+00
128 1.07790375e+01 1.07763519e+01 2.12447997e-03 5.61025750e-04 0.00000000e+00
129 1.06461248e+01 1.06428928e+01 2.53062276e-03 7.01342069e-04 0.00000000e+00
130 1.05015726e+01 1.04970713e+01 3.51168308e-03 9.90301603e-04 0.00000000e+00
131 1.07210712e+01 1.07117720e+01 6.20394200e-03 3.09600122e-03 0.00000000e+00
132 1.06713743e+01 1.06520672e+01 1.19584696e-02 7.34921591e-03 0.00000000e+00
133 1.02551880e+01 1.02272854e+01 1.70358848e-02 1.08668506e-02 0.00000000e+00
134 9.96290207e+00 9.92462730e+00 2.35853456e-02 1.46897621e-02 0.00000000e+00
135 1.05780592e+01 1.05329609e+01 3.00261825e-02 1.50720542e-02 0.00000000e+00
136 1.07458706e+01 1.06881504e+01 4.23241369e-02 1.53958509e-02 0.00000000e+00
137 1.02332134e+01 1.01541882e+01 6.28533438e-02 1.61718614e-02 0.00000000e+00
138 1.07521133e+01 1.06277981e+01 1.09295838e-01 1.50191914e-02 0.00000000e+00
139 1.06047010e+01 1.04266920e+01 1.61118880e-01 1.68905761e-02 0.00000000e+00
140 1.05674706e+01 1.03570976e+01 1.90775305e-01 1.95982121e-02 0.00000000e+00
141 1.07594385e+01 1.05321712e+01 2.03975707e-01 2.32916735e-02 0.00000000e+00
142 1.00696497e+01 9.83307076e+00 2.08598405e-01 2.79809609e-02 0.00000000e+00
143 1.05786695e+01 1.03330393e+01 1.98641717e-01 4.69885357e-02 0.00000000e+00
144 1.05124149e+01 1.02569456e+01 1.88028008e-01 6.74409047e-02 0.00000000e+00
145 1.05895433e+01 1.03333263e+01 1.73129320e-01 8.30877200e-02 0.00000000e+00
146 9.90163517e+00 9.64645004e+00 1.71432763e-01 8.37524608e-02 0.00000000e+00
147 1.03044653e+01 1.00672245e+01 1.50643244e-01 8.65973234e-02 0.00000000e+00
148 1.05845976e+01 1.03718338e+01 1.39040172e-01 7.37239867e-02 0.00000000e+00
149 1.00359936e+01 9.87750816e+00 1.06041804e-01 5.24431504e-02 0.00000000e+00
150 9.86955452e+00 9.76121426e+00 7.52491876e-02 3.30918692e-02 0.00000000e+00
151 1.05267372e+01 1.04344034e+01 6.95277900e-02 2.28063986e-02 0.00000000e+00
152 1.06633377e+01 1.05899382e+01 5.76599017e-02 1.57397147e-02 0.00000000e+00
153 1.05982447e+01 1.05292187e+01 5.78160137e-02 1.12106642e-02 0.00000000e+00
154 1.06428852e+01 1.05661030e+01 6.79301694e-02 8.85155052e-03 0.00000000e+00
155 1.05300913e+01 1.04514542e+01 7.01878592e-02 8.44972394e-03 0.00000000e+00
156 1.06110668e+01 1.05280457e+01 7.40190521e-02 9.00175050e-03 0.00000000e+00
157 9.89595127e+00 9.80875778e+00 7.66160786e-02 1.05773937e-02 0.00000000e+00
158 1.05253744e+01 1.04224148e+01 8.51095542e-02 1.78495068e-02 0.00000000e+00
159 1.04436884e+01 1.03215218e+01 9.30257812e-02 2.91402098e-02 0.00000000e+00
160 9.66684437e+00 9.49796200e+00 1.22166358e-01 4.67152856e-02 0.00000000e+00
161 1.05575066e+01 1.03494368e+01 1.45297602e-01 6.27716780e-02 0.00000000e+00
162 1.01825113e+01 9.96251583e+00 1.50408611e-01 6.95872158e-02 0.00000000e+00
163 9.98386478e+00 9.74939919e+00 1.63228303e-01 7.12373257e-02 0.00000000e+00
164 1.02802248e+01 1.00695953e+01 1.49782300e-01 6.08471408e-02 0.00000000e+00
165 1.04610214e+01 1.02809143e+01 1.34096459e-01 4.60106730e-02 0.00000000e+00
166 1.01481075e+01 9.99356842e+00 1.22137129e-01 3.24023329e-02 0.00000000e+00
167 1.05049438e+01 1.03675404e+01 1.13921344e-01 2.34821588e-02 0.00000000e+00
168 1.04951668e+01 1.03664064e+01 1.10114112e-01 1.86462961e-02 0.00000000e+00
169 1.05152769e+01 1.03910351e+01 1.08185992e-01 1.60564370e-02 0.00000000e+00
170 1.04528980e+01 1.03292847e+01 1.06076978e-01 1.75359920e-02 0.00000000e+00
171 1.04140482e+01 1.02966385e+01 9.61005390e-02 2.13091634e-02 0.00000000e+00
172 1.03058424e+01 1.01736307e+01 1.04120143e-01 2.80910898e-02 0.00000000e+00
173 1.00950508e+01 9.94736385e+00 1.10791810e-01 3.68951932e-02 0.00000000e+00
174 1.03531828e+01 1.01774111e+01 1.23749584e-01 5.20222113e-02 0.00000000e+00
175 1.02322321e+01 1.00310268e+01 1.38738766e-01 6.24662489e-02 0.00000000e+00
176 1.04981756e+01 1.02995348e+01 1.38611272e-01 6.00302592e-02 0.00000000e+00
177 1.02893448e+01 1.00875587e+01 1.44727096e-01 5.70596159e-02 0.00000000e+00
178 1.01132936e+01 9.90695572e+00 1.53074801e-01 5.32625094e-02 0.00000000e+00
179 1.03016491e+01 1.00969887e+01 1.59397095e-01 4.52631153e-02 0.00000000e+00
180 9.98784924e+00 9.79521084e+00 1.52547598e-01 4.00901735e-02 0.00000000e+00
181 9.93707371e+00 9.74449444e+00 1.53527334e-01 3.90523821e-02 0.00000000e+00
182 9.08343506e+00 8.90416622e+00 1.34408087e-01 4.48606908e-02 0.00000000e+00
183 1.04369278e+01 1.02358541e+01 1.37578383e-01 6.34953082e-02 0.00000000e+00
184 9.90529823e+00 9.70247555e+00 1.38285056e-01 6.45375401e-02 0.00000000e+00
185 9.40220737e+00 9.24662781e+00 1.16399199e-01 3.91810834e-02 0.00000000e+00
186 8.96648598e+00 8.84761047e+00 9.35503840e-02 2.53248438e-02 0.00000000e+00
187 1.08479700e+01 1.07476826e+01 7.74122924e-02 2.28751600e-02 0.00000000e+00
188 9.96957970e+00 9.88081837e+00 6.79440796e-02 2.08172109e-02 0.00000000e+00
189 1.05340929e+01 1.04616718e+01 5.82084730e-02 1.42124379e-02 0.00000000e+00
190 1.00489635e+01 9.98204327e+00 5.61796725e-02 1.07406462e-02 0.00000000e+00
191 1.05758286e+01 1.05125942e+01 5.15752621e-02 1.16590038e-02 0.00000000e+00
192 1.00974874e+01 1.00301418e+01 5.31885326e-02 1.41577646e-02 0.00000000e+00
193 9.96778584e+00 9.88717556e+00 5.77531084e-02 2.28565205e-02 0.00000000e+00
194 1.05007277e+01 1.04133062e+01 6.26651272e-02 2.47568171e-02 0.00000000e+00
195 9.93010712e+00 9.82672405e+00 7.44327605e-02 2.89510898e-02 0.00000000e+00
196 1.05000076e+01 1.03731165e+01 8.60211924e-02 4.08696570e-02 0.00000000e+00
197 1.06352148e+01 1.04654350e+01 1.13113210e-01 5.66663742e-02 0.00000000e+00
198 1.06267891e+01 1.04355898e+01 1.22186475e-01 6.90128356e-02 0.00000000e+00
199 9.53461647e+00 9.33273029e+00 1.29823238e-01 7.20627382e-02 0.00000000e+00
200 9.80020142e+00 9.59835243e+00 1.31804362e-01 7.00446069e-02 0.00000000e+00
201 1.00811663e+01 9.86872578e+00 1.40283585e-01 7.21568614e-02 0.00000000e+00
202 1.04414721e+01 1.02332239e+01 1.39226019e-01 6.90224394e-02 0.00000000e+00
203 9.94791126e+00 9.77420712e+00 1.20099626e-01 5.36038280e-02 0.00000000e+00
204 1.06039400e+01 1.04559412e+01 1.14744931e-01 3.32538709e-02 0.00000000e+00
205 1.06278763e+01 1.05001774e+01 1.06210068e-01 2.14895047e-02 0.00000000e+00
206 9.78783417e+00 9.67406845e+00 9.89273638e-02 1.48386508e-02 0.00000000e+00
207 9.72096634e+00 9.60982895e+00 9.84873325e-02 1.26504535e-02 0.00000000e+00
208 1.01566362e+01 1.00466194e+01 9.79315490e-02 1.20853437e-02 0.00000000e+00
209 1.03452606e+01 1.02382488e+01 9.47532654e-02 1.22585278e-02 0.00000000e+00
210 9.56386852e+00 9.45590305e+00 9.69315469e-02 1.10340575e-02 0.00000000e+00
211 9.92637157e+00 9.81990719e+00 9.47730914e-02 1.16911763e-02 0.00000000e+00
212 9.80273819e+00 9.68505478e+00 1.03429094e-01 1.42548084e-02 0.00000000e+00
213 1.07201681e+01 1.05932474e+01 1.11928985e-01 1.49914818e-02 0.00000000e+00
214 1.04142065e+01 1.02767076e+01 1.20282829e-01 1.72157250e-02 0.00000000e+00
215 1.07258320e+01 1.05900507e+01 1.18537188e-01 1.72439404e-02 0.00000000e+00
216 9.56070518e+00 9.42406654e+00 1.18626565e-01 1.80123206e-02 0.00000000e+00
217 1.02285385e+01 1.00937672e+01 1.16208635e-01 1.85627453e-02 0.00000000e+00
218 9.90456581e+00 9.77296448e+00 1.13499351e-01 1.81019641e-02 0.00000000e+00
219 1.01551962e+01 1.00379219e+01 9.74277779e-02 1.98466070e-02 0.00000000e+00
220 1.05546007e+01 1.04429512e+01 8.95287544e-02 2.21200865e-02 0.00000000e+00
221 1.02290831e+01 1.01167164e+01 8.61222893e-02 2.62439735e-02 0.00000000e+00
222 1.00999689e+01 9.99168205e+00 7.69999251e-02 3.12871113e-02 0.00000000e+00
223 1.06560984e+01 1.05424986e+01 7.61380494e-02 3.74612324e-02 0.00000000e+00
224 9.80167866e+00 9.67972565e+00 7.80411139e-02 4.39119264e-02 0.00000000e+00
225 1.02493267e+01 1.01234303e+01 7.91995674e-02 4.66970429e-02 0.00000000e+00
226 1.02669840e+01 1.01392527e+01 8.12024549e-02 4.65288348e-02 0.00000000e+00
227 1.01461926e+01 1.00133715e+01 8.61133039e-02 4.67080921e-02 0.00000000e+00
228 1.02482653e+01 1.01185904e+01 8.46747160e-02 4.49996665e-02 0.00000000e+00
229 1.05740452e+01 1.04441013e+01 8.90099257e-02 4.09331620e-02 0.00000000e+00
230 1.03946781e+01 1.02621050e+01 9.47447196e-02 3.78284715e-02 0.00000000e+00
231 9.45322514e+00 9.33030987e+00 8.87828320e-02 3.41317952e-02 0.00000000e+00
232 9.44844627e+00 9.32013893e+00 9.14262831e-02 3.68819200e-02 0.00000000e+00
233 1.05364504e+01 1.03831997e+01 1.10696703e-01 4.25536968e-02 0.00000000e+00
234 9.79541969e+00 9.63933086e+00 1.07869513e-01 4.82201427e-02 0.00000000e+00
235 1.02783432e+01 1.01167288e+01 1.13481134e-01 4.81327325e-02 0.00000000e+00
236 1.04414406e+01 1.02857914e+01 1.13443352e-01 4.22056429e-02 0.00000000e+00
237 9.63653851e+00 9.50175858e+00 9.84960720e-02 3.62837724e-02 0.00000000e+00
238 9.99279690e+00 9.86166859e+00 1.00661963e-01 3.04660350e-02 0.00000000e+00
239 1.04165401e+01 1.02885704e+01 1.00685462e-01 2.72843149e-02 0.00000000e+00
240 9.77098846e+00 9.64713097e+00 9.86350402e-02 2.52230186e-02 0.00000000e+00
241 9.84906578e+00 9.74653053e+00 7.76235461e-02 2.49117315e-02 0.00000000e+00
242 9.79837704e+00 9.68575764e+00 8.18294361e-02 3.07899248e-02 0.00000000e+00
243 9.90465069e+00 9.78387642e+00 8.93897414e-02 3.13847959e-02 0.00000000e+00
244 1.02618036e+01 1.01546793e+01 8.56902599e-02 2.14342736e-02 0.00000000e+00
245 9.86443710e+00 9.76918221e+00 8.29593241e-02 1.22954044e-02 0.00000000e+00
246 9.97463036e+00 9.88037395e+00 8.60775560e-02 8.17871373e-03 0.00000000e+00
247 1.02736044e+01 1.01687288e+01 9.74483714e-02 7.42687145e-03 0.00000000e+00
248 1.04580336e+01 1.03427582e+01 1.07567266e-01 7.70836510e-03 0.00000000e+00
249 9.81088734e+00 9.69200706e+00 1.11624762e-01 7.25525990e-03 0.00000000e+00
250 1.03618097e+01 1.02319708e+01 1.19365051e-01 1.04743540e-02 0.00000000e+00
251 1.05872307e+01 1.04449797e+01 1.25954181e-01 1.62965823e-02 0.00000000e+00
252 9.89164829e+00 9.74919415e+00 1.20189920e-01 2.22645719e-02 0.00000000e+00
253 9.81290245e+00 9.67109013e+00 1.18674107e-01 2.31380947e-02 0.00000000e+00
254 1.02007427e+01 1.00662727e+01 1.17356837e-01 1.71123762e-02 0.00000000e+00
255 1.05368757e+01 1.04245806e+01 1.01283893e-01 1.10114003e-02 0.00000000e+00
256 9.39136887e+00 9.29049015e+00 9.36798081e-02 7.19905784e-03 0.00000000e+00
257 1.05979576e+01 1.04978933e+01 9.26632583e-02 7.40170851e-03 0.00000000e+00
258 1.01475277e+01 1.00468864e+01 9.29381102e-02 7.70318881e-03 0.00000000e+00
259 9.94551849e+00 9.84588337e+00 9.21393335e-02 7.49634346e-03 0.00000000e+00
260 9.48456001e+00 9.38712120e+00 8.91774967e-02 8.26204009e-03 0.00000000e+00
261 1.00073233e+01 9.90022469e+00 9.85783264e-02 8.52013845e-03 0.00000000e+00
262 1.05199633e+01 1.04192829e+01 9.16211903e-02 9.05913115e-03 0.00000000e+00
263 1.04141388e+01 1.03111763e+01 9.18768421e-02 1.10853370e-02 0.00000000e+00
264 9.75254345e+00 9.64175034e+00 9.55437422e-02 1.52493557e-02 0.00000000e+00
265 1.03872204e+01 1.02694445e+01 9.50952470e-02 2.26803869e-02 0.00000000e+00
266 1.05285654e+01 1.03875952e+01 1.10887274e-01 3.00822873e-02 0.00000000e+00
267 9.40395832e+00 9.26643562e+00 1.04963474e-01 3.25596333e-02 0.00000000e+00
268 1.05631132e+01 1.04155779e+01 1.09259449e-01 3.82753648e-02 0.00000000e+00
269 1.04946575e+01 1.03485146e+01 1.04281239e-01 4.18618247e-02 0.00000000e+00
270 1.05427227e+01 1.04030590e+01 1.02127716e-01 3.75358053e-02 0.00000000e+00
271 9.69589901e+00 9.57096291e+00 9.28488225e-02 3.20870914e-02 0.00000000e+00
272 1.04566488e+01 1.03371229e+01 8.88638496e-02 3.06616612e-02 0.00000000e+00
273 9.47061729e+00 9.35713482e+00 8.59844089e-02 2.74984371e-02 0.00000000e+00
274 9.00545979e+00 8.90432167e+00 8.24041516e-02 1.87340900e-02 0.00000000e+00
275 1.05230694e+01 1.04183531e+01 8.69767368e-02 1.77395120e-02 0.00000000e+00
276 1.05441113e+01 1.04370451e+01 9.05191302e-02 1.65468752e-02 0.00000000e+00
277 8.71616268e+00 8.61338043e+00 8.75581205e-02 1.52244512e-02 0.00000000e+00
278 1.08988047e+01 1.07951546e+01 9.08070877e-02 1.28433499e-02 0.00000000e+00
279 1.02440996e+01 1.01380711e+01 9.43843350e-02 1.16447061e-02 0.00000000e+00
280 1.07826958e+01 1.06833296e+01 8.91542286e-02 1.02118477e-02 0.00000000e+00
281 9.82183361e+00 9.72531891e+00 8.69880468e-02 9.52586439e-03 0.00000000e+00
282 1.02765999e+01 1.01924191e+01 7.52237514e-02 8.95724539e-03 0.00000000e+00
283 1.01868200e+01 1.01030464e+01 7.45629966e-02 9.21083055e-03 0.00000000e+00
284 1.02726231e+01 1.01781387e+01 8.31765980e-02 1.13079315e-02 0.00000000e+00
285 9.91300964e+00 9.81209755e+00 8.86144340e-02 1.22977924e-02 0.00000000e+00
286 9.92126846e+00 9.82405090e+00 8.21592361e-02 1.50584849e-02 0.00000000e+00
287 1.01271324e+01 1.00217953e+01 9.02122855e-02 1.51253026e-02 0.00000000e+00
288 9.90888786e+00 9.80783081e+00 8.75765979e-02 1.34805832e-02 0.00000000e+00
289 9.91664410e+00 9.81641483e+00 8.88503417e-02 1.13793239e-02 0.00000000e+00
290 9.83776665e+00 9.73922729e+00 8.86976421e-02 9.84203909e-03 0.00000000e+00
291 1.01309147e+01 1.00208206e+01 1.01206377e-01 8.88755918e-03 0.00000000e+00
292 1.02300491e+01 1.01156664e+01 1.05333492e-01 9.04978067e-03 0.00000000e+00
293 9.91109657e+00 9.78656006e+00 1.14558898e-01 9.97718237e-03 0.00000000e+00
294 9.56574631e+00 9.44187450e+00 1.14240453e-01 9.63085797e-03 0.00000000e+00
295 9.56361675e+00 9.44784164e+00 1.06153369e-01 9.62149445e-03 0.00000000e+00
296 9.44993877e+00 9.34275150e+00 9.72023308e-02 9.98498499e-03 0.00000000e+00
297 1.00022192e+01 9.88828850e+00 1.01714499e-01 1.22161303e-02 0.00000000e+00
298 8.75555801e+00 8.63249588e+00 1.05864175e-01 1.71978958e-02 0.00000000e+00
299 1.09521646e+01 1.08019857e+01 1.22453839e-01 2.77252533e-02 0.00000000e+00
300 1.06612473e+01 1.04967661e+01 1.33190289e-01 3.12909782e-02 0.00000000e+00
301 1.00311213e+01 9.88592720e+00 1.18257508e-01 2.69361064e-02 0.00000000e+00
302 8.67703342e+00 8.56387615e+00 9.49624926e-02 1.81947835e-02 0.00000000e+00
303 1.04189167e+01 1.03162518e+01 8.67323875e-02 1.59323886e-02 0.00000000e+00
304 1.06894369e+01 1.05953741e+01 8.07282180e-02 1.33341849e-02 0.00000000e+00
305 9.93616867e+00 9.84909153e+00 7.61198103e-02 1.09578203e-02 0.00000000e+00
306 1.00186329e+01 9.93726254e+00 7.14034438e-02 9.96729732e-03 0.00000000e+00
307 1.06036625e+01 1.05223951e+01 7.09382296e-02 1.03294346e-02 0.00000000e+00
308 9.37791824e+00 9.29557514e+00 7.17916191e-02 1.05514331e-02 0.00000000e+00
309 1.04381771e+01 1.03533792e+01 7.43522570e-02 1.04458369e-02 0.00000000e+00
310 1.00200195e+01 9.93523312e+00 7.44239613e-02 1.03626177e-02 0.00000000e+00
311 1.04744177e+01 1.03835506e+01 8.03131163e-02 1.05543528e-02 0.00000000e+00
312 9.76211548e+00 9.66272926e+00 8.80911574e-02 1.12951780e-02 0.00000000e+00
313 1.00318565e+01 9.93237305e+00 8.80568326e-02 1.14273354e-02 0.00000000e+00
314 9.55274963e+00 9.45337677e+00 8.69472921e-02 1.24255046e-02 0.00000000e+00
315 1.03726492e+01 1.02684050e+01 9.00691375e-02 1.41756227e-02 0.00000000e+00
316 9.39764023e+00 9.28045845e+00 1.00096621e-01 1.70847811e-02 0.00000000e+00
317 1.03342228e+01 1.02236128e+01 9.07538906e-02 1.98564380e-02 0.00000000e+00
318 9.12495232e+00 9.00621796e+00 9.75075513e-02 2.12268997e-02 0.00000000e+00
319 1.03148136e+01 1.01956024e+01 9.31708217e-02 2.60405131e-02 0.00000000e+00
320 1.00566282e+01 9.93423939e+00 9.47647244e-02 2.76239756e-02 0.00000000e+00
321 8.64164448e+00 8.52189922e+00 9.15670320e-02 2.81780567e-02 0.00000000e+00
322 1.06195469e+01 1.04991474e+01 8.79827589e-02 3.24162841e-02 0.00000000e+00
323 1.06265764e+01 1.05055103e+01 8.70418400e-02 3.40239443e-02 0.00000000e+00
324 8.22784328e+00 8.11256313e+00 8.29861239e-02 3.22947241e-02 0.00000000e+00
325 1.04177876e+01 1.02986307e+01 8.30331296e-02 3.61229964e-02 0.00000000e+00
326 9.99679756e+00 9.88961315e+00 7.46217743e-02 3.25624868e-02 0.00000000e+00
327 9.75265026e+00 9.65222263e+00 7.13611245e-02 2.90662143e-02 0.00000000e+00
328 9.72922993e+00 9.64461708e+00 6.40883967e-02 2.05243528e-02 0.00000000e+00
329 1.04921017e+01 1.04149199e+01 6.37305453e-02 1.34511525e-02 0.00000000e+00
330 9.98264694e+00 9.90881062e+00 6.31496534e-02 1.06871957e-02 0.00000000e+00
331 9.27775574e+00 9.19702148e+00 6.94540069e-02 1.12804081e-02 0.00000000e+00
332 1.04696646e+01 1.03754187e+01 8.10761154e-02 1.31698139e-02 0.00000000e+00
333 9.74772549e+00 9.63800144e+00 9.41602439e-02 1.55637357e-02 0.00000000e+00
334 9.74987793e+00 9.63113499e+00 1.01576194e-01 1.71668641e-02 0.00000000e+00
335 9.84999847e+00 9.72615242e+00 1.08420342e-01 1.54256262e-02 0.00000000e+00
336 1.02055254e+01 1.00964022e+01 9.56349969e-02 1.34879854e-02 0.00000000e+00
337 1.06514254e+01 1.05473728e+01 9.35055390e-02 1.05468761e-02 0.00000000e+00
338 1.03219385e+01 1.02205000e+01 9.15995315e-02 9.83871892e-03 0.00000000e+00
339 9.90864944e+00 9.80730343e+00 9.12261009e-02 1.01204589e-02 0.00000000e+00
340 9.70848656e+00 9.60120678e+00 9.44450200e-02 1.28341336e-02 0.00000000e+00
341 9.26354027e+00 9.15639114e+00 9.00137872e-02 1.71354115e-02 0.00000000e+00
342 9.82118607e+00 9.70609856e+00 9.23020840e-02 2.27854960e-02 0.00000000e+00
343 1.02478743e+01 1.01155167e+01 1.02147788e-01 3.02094985e-02 0.00000000e+00
344 9.74176216e+00 9.60130692e+00 1.04392365e-01 3.60632241e-02 0.00000000e+00
345 9.41065407e+00 9.25857544e+00 1.11293405e-01 4.07845862e-02 0.00000000e+00
346 1.06761398e+01 1.05225496e+01 1.08374052e-01 4.52160910e-02 0.00000000e+00
347 1.04845295e+01 1.03221045e+01 1.14769563e-01 4.76550385e-02 0.00000000e+00
348 9.90000153e+00 9.74160004e+00 1.16181381e-01 4.22202647e-02 0.00000000e+00
349 1.05107946e+01 1.03733826e+01 1.02864347e-01 3.45479026e-02 0.00000000e+00
350 1.03928432e+01 1.02793827e+01 8.73424858e-02 2.61180699e-02 0.00000000e+00
351 1.03278961e+01 1.02242479e+01 8.51538852e-02 1.84943676e-02 0.00000000e+00
352 9.76155281e+00 9.66566944e+00 8.15741345e-02 1.43093150e-02 0.00000000e+00
353 9.48132229e+00 9.38834286e+00 8.15336481e-02 1.14455773e-02 0.00000000e+00
354 1.04832916e+01 1.03966341e+01 7.71237686e-02 9.53410938e-03 0.00000000e+00
355 1.00923653e+01 1.00015469e+01 8.23794752e-02 8.43897741e-03 0.00000000e+00
356 9.45014191e+00 9.36343384e+00 7.89980218e-02 7.71064125e-03 0.00000000e+00
357 1.04367218e+01 1.03451014e+01 8.35446641e-02 8.07575509e-03 0.00000000e+00
358 9.84163284e+00 9.74596691e+00 8.53684470e-02 1.02978386e-02 0.00000000e+00
359 9.35727978e+00 9.25938511e+00 8.61765593e-02 1.17178904e-02 0.00000000e+00
360 1.01816072e+01 1.00798864e+01 8.98480490e-02 1.18718259e-02 0.00000000e+00
361 1.04020510e+01 1.03049145e+01 8.58094990e-02 1.13264425e-02 0.00000000e+00
362 9.93369293e+00 9.83661938e+00 8.65596235e-02 1.05146738e-02 0.00000000e+00
363 1.04079180e+01 1.03034039e+01 9.48307738e-02 9.68323462e-03 0.00000000e+00
364 9.22606659e+00 9.12967110e+00 8.73113722e-02 9.08385776e-03 0.00000000e+00
365 1.03120155e+01 1.02182999e+01 8.43586922e-02 9.35723912e-03 0.00000000e+00
366 9.39703083e+00 9.29487038e+00 9.19096619e-02 1.02505889e-02 0.00000000e+00
367 9.60237789e+00 9.50222015e+00 8.89761150e-02 1.11819264e-02 0.00000000e+00
368 8.93027496e+00 8.82702637e+00 9.13052931e-02 1.19432975e-02 0.00000000e+00
369 9.96762466e+00 9.85965729e+00 9.29186046e-02 1.50491595e-02 0.00000000e+00
370 1.03695660e+01 1.02518291e+01 9.85895470e-02 1.91469528e-02 0.00000000e+00
371 1.04504642e+01 1.03264179e+01 1.02882728e-01 2.11636163e-02 0.00000000e+00
372 9.50774384e+00 9.38728619e+00 9.85974744e-02 2.18597427e-02 0.00000000e+00
373 1.03508797e+01 1.02326279e+01 9.72419903e-02 2.10090876e-02 0.00000000e+00
374 1.02926264e+01 1.01806831e+01 9.23781097e-02 1.95658728e-02 0.00000000e+00
375 9.27948380e+00 9.17574501e+00 8.63426998e-02 1.73959713e-02 0.00000000e+00
376 1.04506502e+01 1.03492413e+01 8.48154575e-02 1.65942088e-02 0.00000000e+00
377 1.04461794e+01 1.03430948e+01 8.75419229e-02 1.55425547e-02 0.00000000e+00
378 1.06054707e+01 1.05098715e+01 8.11203718e-02 1.44784758e-02 0.00000000e+00
379 9.99708176e+00 9.90074444e+00 8.34201574e-02 1.29171321e-02 0.00000000e+00
380 1.01621990e+01 1.00687504e+01 8.15909654e-02 1.18583627e-02 0.00000000e+00
381 9.38549519e+00 9.29817677e+00 7.59969130e-02 1.13210967e-02 0.00000000e+00
382 1.05158606e+01 1.04240427e+01 8.09365660e-02 1.08817313e-02 0.00000000e+00
383 1.01799126e+01 1.00927019e+01 7.66856223e-02 1.05247013e-02 0.00000000e+00
384 9.26220989e+00 9.17439842e+00 7.71954209e-02 1.06160948e-02 0.00000000e+00
385 1.06936836e+01 1.05986881e+01 8.38700756e-02 1.11253923e-02 0.00000000e+00
386 9.78371716e+00 9.69057083e+00 8.13642442e-02 1.17817335e-02 0.00000000e+00
387 1.05165091e+01 1.04231443e+01 8.18606168e-02 1.15039796e-02 0.00000000e+00
388 8.98079586e+00 8.88094521e+00 8.83172080e-02 1.15338946e-02 0.00000000e+00
389 1.01837187e+01 1.00871830e+01 8.63065198e-02 1.02289673e-02 0.00000000e+00
390 9.48579407e+00 9.38616085e+00 8.91678408e-02 1.04653472e-02 0.00000000e+00
391 1.05224934e+01 1.04213200e+01 8.98394138e-02 1.13347536e-02 0.00000000e+00
392 1.00339546e+01 9.92543221e+00 9.57225710e-02 1.28003256e-02 0.00000000e+00
393 8.47499371e+00 8.37162018e+00 8.91394541e-02 1.42348548e-02 0.00000000e+00
394 8.73845768e+00 8.62821293e+00 9.37075019e-02 1.65375359e-02 0.00000000e+00
395 1.05633430e+01 1.04488659e+01 9.50863212e-02 1.93909369e-02 0.00000000e+00
396 9.34075832e+00 9.22288418e+00 9.73374769e-02 2.05367915e-02 0.00000000e+00
397 1.02118130e+01 1.00919704e+01 9.76787433e-02 2.21630335e-02 0.00000000e+00
398 1.07800522e+01 1.06613131e+01 9.70230177e-02 2.17160303e-02 0.00000000e+00
399 1.08354254e+01 1.07247238e+01 9.04054120e-02 2.02965271e-02 0.00000000e+00
400 9.72091579e+00 9.62434387e+00 7.86933303e-02 1.78789776e-02 0.00000000e+00
401 9.51210022e+00 9.41388416e+00 8.19503963e-02 1.62660517e-02 0.00000000e+00
402 1.01834078e+01 1.00868444e+01 8.03042352e-02 1.62589941e-02 0.00000000e+00
403 1.05351782e+01 1.04393730e+01 7.94133171e-02 1.63915306e-02 0.00000000e+00
404 1.03509407e+01 1.02578611e+01 7.69376159e-02 1.61423683e-02 0.00000000e+00
405 8.77489376e+00 8.67829132e+00 8.01452696e-02 1.64579060e-02 0.00000000e+00
406 1.05331678e+01 1.04354792e+01 7.99245760e-02 1.77642182e-02 0.00000000e+00
407 9.95745564e+00 9.85645866e+00 8.21538940e-02 1.88426226e-02 0.00000000e+00
408 1.04908915e+01 1.03977671e+01 7.41904825e-02 1.89342238e-02 0.00000000e+00
409 1.02166557e+01 1.01149158e+01 8.23797733e-02 1.93601418e-02 0.00000000e+00
410 9.93735981e+00 9.83674908e+00 8.14275369e-02 1.91833191e-02 0.00000000e+00
411 1.04762087e+01 1.03799820e+01 7.64979720e-02 1.97286997e-02 0.00000000e+00
412 1.01529846e+01 1.00560703e+01 7.75634944e-02 1.93509683e-02 0.00000000e+00
413 1.00727158e+01 9.97290325e+00 8.04384723e-02 1.93738565e-02 0.00000000e+00
414 1.01576519e+01 1.00577126e+01 8.07174742e-02 1.92221459e-02 0.00000000e+00
415 1.04371881e+01 1.03291969e+01 8.86104554e-02 1.93806943e-02 0.00000000e+00
416 1.02473278e+01 1.01437435e+01 8.49434435e-02 1.86402313e-02 0.00000000e+00
417 9.84229469e+00 9.73715115e+00 8.76665860e-02 1.74771883e-02 0.00000000e+00
418 1.04419756e+01 1.03393707e+01 8.52008611e-02 1.74033679e-02 0.00000000e+00
419 1.05513868e+01 1.04459572e+01 8.83273184e-02 1.71023160e-02 0.00000000e+00
420 1.02414007e+01 1.01402988e+01 8.47562328e-02 1.63463857e-02 0.00000000e+00
421 9.89487553e+00 9.79173756e+00 8.74480233e-02 1.56896934e-02 0.00000000e+00
422 1.02278833e+01 1.01256094e+01 8.63083079e-02 1.59653798e-02 0.00000000e+00
423 1.01183567e+01 1.00140104e+01 8.87572393e-02 1.55884661e-02 0.00000000e+00
424 1.06125336e+01 1.05137405e+01 8.30700621e-02 1.57233588e-02 0.00000000e+00
425 1.03842964e+01 1.02781897e+01 9.01687145e-02 1.59379486e-02 0.00000000e+00
426 9.56649876e+00 9.46083450e+00 9.00177956e-02 1.56466458e-02 0.00000000e+00
427 1.05997515e+01 1.05017900e+01 8.20851475e-02 1.58757605e-02 0.00000000e+00
428 9.98929024e+00 9.88236427e+00 9.04977769e-02 1.64276659e-02 0.00000000e+00
429 1.04179754e+01 1.03159647e+01 8.60597044e-02 1.59513503e-02 0.00000000e+00
430 9.61915207e+00 9.51548004e+00 8.77701491e-02 1.59015078e-02 0.00000000e+00
431 9.50930500e+00 9.40685368e+00 8.83877948e-02 1.40636936e-02 0.00000000e+00
432 9.09730721e+00 8.99666214e+00 8.83319899e-02 1.23126358e-02 0.00000000e+00
433 1.03929529e+01 1.02945585e+01 8.79187435e-02 1.04764048e-02 0.00000000e+00
434 1.04543619e+01 1.03599367e+01 8.50614235e-02 9.36425105e-03 0.00000000e+00
435 1.04469557e+01 1.03543243e+01 8.39085057e-02 8.72349273e-03 0.00000000e+00
436 9.45988464e+00 9.37197781e+00 7.93975666e-02 8.50951206e-03 0.00000000e+00
437 1.03452826e+01 1.02546473e+01 8.22203755e-02 8.41486081e-03 0.00000000e+00
438 9.15730381e+00 9.06245518e+00 8.57640356e-02 9.08492506e-03 0.00000000e+00
439 1.00497065e+01 9.95714283e+00 8.22702870e-02 1.02929389e-02 0.00000000e+00
440 1.03730297e+01 1.02800474e+01 8.18178058e-02 1.11645404e-02 0.00000000e+00
441 1.04325037e+01 1.03370552e+01 8.35886970e-02 1.18600018e-02 0.00000000e+00
442 9.59565830e+00 9.49733353e+00 8.54995400e-02 1.28246211e-02 0.00000000e+00
443 1.03908758e+01 1.03001585e+01 7.76858926e-02 1.30307153e-02 0.00000000e+00
444 1.05050430e+01 1.04070292e+01 8.50015953e-02 1.30117266e-02 0.00000000e+00
445 1.00447369e+01 9.95236683e+00 7.89778233e-02 1.33922193e-02 0.00000000e+00
446 8.93492413e+00 8.83934689e+00 8.16379562e-02 1.39386570e-02 0.00000000e+00
447 1.02701788e+01 1.01684971e+01 8.75328854e-02 1.41483406e-02 0.00000000e+00
448 1.03998356e+01 1.03004236e+01 8.48546252e-02 1.45566985e-02 0.00000000e+00
449 9.68224239e+00 9.57878494e+00 8.79295990e-02 1.55276060e-02 0.00000000e+00
450 9.76133728e+00 9.66054153e+00 8.53069797e-02 1.54884961e-02 0.00000000e+00
451 1.05673361e+01 1.04661112e+01 8.58565718e-02 1.53688379e-02 0.00000000e+00
452 1.04952116e+01 1.03932352e+01 8.67333263e-02 1.52437836e-02 0.00000000e+00
453 1.01589460e+01 1.00561037e+01 8.83157477e-02 1.45267611e-02 0.00000000e+00
454 8.82672882e+00 8.72162724e+00 9.02461112e-02 1.48555078e-02 0.00000000e+00
455 9.67264652e+00 9.56701279e+00 9.09090862e-02 1.47244902e-02 0.00000000e+00
456 9.86671066e+00 9.76480865e+00 8.73997733e-02 1.45026073e-02 0.00000000e+00
457 9.69297886e+00 9.58994865e+00 8.80609006e-02 1.49687119e-02 0.00000000e+00
458 1.00556889e+01 9.94771481e+00 9.31686610e-02 1.48061803e-02 0.00000000e+00
459 1.03746948e+01 1.02694597e+01 9.05068889e-02 1.47289513e-02 0.00000000e+00
460 9.47168636e+00 9.36370659e+00 9.42415744e-02 1.37389619e-02 0.00000000e+00
461 9.65187168e+00 9.54971600e+00 8.87284502e-02 1.34269893e-02 0.00000000e+00
462 1.04018965e+01 1.02957382e+01 9.35497805e-02 1.26088522e-02 0.00000000e+00
463 9.51753044e+00 9.41277504e+00 9.26140100e-02 1.21414065e-02 0.00000000e+00
464 9.88084030e+00 9.78392029e+00 8.54846165e-02 1.14355320e-02 0.00000000e+00
465 1.02789955e+01 1.01795073e+01 8.85041058e-02 1.09846350e-02 0.00000000e+00
466 1.04720001e+01 1.03704824e+01 9.09782946e-02 1.05387112e-02 0.00000000e+00
467 1.06565666e+01 1.05544777e+01 9.22601670e-02 9.82869603e-03 0.00000000e+00
468 9.81051064e+00 9.70978737e+00 9.10753310e-02 9.64827742e-03 0.00000000e+00
469 1.03924694e+01 1.02978010e+01 8.52718577e-02 9.39680636e-03 0.00000000e+00
470 9.32539272e+00 9.22871208e+00 8.70935917e-02 9.58712865e-03 0.00000000e+00
471 9.72843361e+00 9.63190460e+00 8.75051171e-02 9.02353972e-03 0.00000000e+00
472 1.06365614e+01 1.05415382e+01 8.56939107e-02 9.32848267e-03 0.00000000e+00
473 1.00365524e+01 9.93840218e+00 8.88183117e-02 9.33124125e-03 0.00000000e+00
474 8.95771694e+00 8.86573219e+00 8.25827196e-02 9.40246135e-03 0.00000000e+00
475 1.05453892e+01 1.04470205e+01 8.89147669e-02 9.45338793e-03 0.00000000e+00
476 8.94270325e+00 8.84388733e+00 8.94590840e-02 9.35673714e-03 0.00000000e+00
477 1.04698858e+01 1.03723536e+01 8.80821422e-02 9.45006125e-03 0.00000000e+00
478 1.05600548e+01 1.04623919e+01 8.81087482e-02 9.55360755e-03 0.00000000e+00
479 1.05003538e+01 1.04016905e+01 8.91508609e-02 9.51302052e-03 0.00000000e+00
480 9.33781719e+00 9.24375057e+00 8.39820057e-02 1.00841746e-02 0.00000000e+00
481 9.48964977e+00 9.39304161e+00 8.60407352e-02 1.05678551e-02 0.00000000e+00
482 1.00270748e+01 9.93011189e+00 8.55747983e-02 1.13878818e-02 0.00000000e+00
483 1.01150208e+01 1.00162868e+01 8.65342468e-02 1.21992221e-02 0.00000000e+00
484 9.23457432e+00 9.13647079e+00 8.55384097e-02 1.25648631e-02 0.00000000e+00
485 9.27108192e+00 9.17121887e+00 8.63229185e-02 1.35403108e-02 0.00000000e+00
486 8.91027641e+00 8.80716324e+00 8.91453475e-02 1.39677171e-02 0.00000000e+00
487 8.71191788e+00 8.61348438e+00 8.30455497e-02 1.53879970e-02 0.00000000e+00
488 1.04926491e+01 1.03893261e+01 8.61186460e-02 1.72040630e-02 0.00000000e+00
489 1.04930000e+01 1.03842363e+01 8.96742940e-02 1.90901551e-02 0.00000000e+00
490 8.78640842e+00 8.66831398e+00 9.80362892e-02 2.00589970e-02 0.00000000e+00
491 1.04944458e+01 1.03776121e+01 9.66400653e-02 2.01939698e-02 0.00000000e+00
492 9.41678333e+00 9.30461311e+00 9.20439139e-02 2.01264694e-02 0.00000000e+00
493 1.05878124e+01 1.04767065e+01 9.15394127e-02 1.95661597e-02 0.00000000e+00
494 1.07468204e+01 1.06363935e+01 9.18386802e-02 1.85879022e-02 0.00000000e+00
495 9.33114147e+00 9.22072411e+00 9.24775004e-02 1.79395806e-02 0.00000000e+00
496 1.07779722e+01 1.06705017e+01 9.07496661e-02 1.67203583e-02 0.00000000e+00
497 1.05041504e+01 1.03968182e+01 9.14559513e-02 1.58756487e-02 0.00000000e+00
498 9.03807449e+00 8.93778038e+00 8.52406844e-02 1.50535302e-02 0.00000000e+00
499 1.06896257e+01 1.05947866e+01 8.10273290e-02 1.38123054e-02 0.00000000e+00
500 1.00764904e+01 9.97863674e+00 8.48419219e-02 1.30118839e-02 0.00000000e+00
