# step L_int L_bdry L_orth
1 4.87859249e-01 0.00000000e+00 0.00000000e+00
2 4.65481162e-01 3.18431499e-04 3.25246801e-05
3 4.44757968e-01 2.61249673e-03 2.30595149e-04
4 4.48751837e-01 9.24099982e-03 1.00134022e-03
5 4.28513259e-01 1.06160482e-02 1.44987134e-03
6 4.30730313e-01 1.07236011e-02 2.06673145e-03
7 4.08938140e-01 9.12603829e-03 1.66861527e-03
8 4.04809117e-01 9.52692702e-03 9.08798538e-04
9 4.10771132e-01 1.23329563e-02 1.23336713e-03
10 3.93396407e-01 1.66776758e-02 1.48552936e-03
11 3.82527232e-01 2.04756893e-02 1.63722457e-03
12 3.89139771e-01 2.39790268e-02 1.93249620e-03
13 3.74254465e-01 2.72376463e-02 2.15746905e-03
14 3.75652224e-01 2.88326852e-02 2.27477704e-03
15 3.69100362e-01 2.68948004e-02 2.17229314e-03
16 3.67528170e-01 2.38726027e-02 1.88037241e-03
17 3.67720485e-01 1.85739920e-02 1.78615213e-03
18 3.61002326e-01 1.58181675e-02 1.83633051e-03
19 3.58078361e-01 1.31964562e-02 1.84942014e-03
20 3.51730704e-01 9.95406043e-03 1.12341624e-03
21 3.38008493e-01 8.50076415e-03 8.79834406e-04
22 3.43166173e-01 7.63738668e-03 1.01400050e-03
23 3.34531903e-01 5.87817747e-03 1.36812648e-03
24 3.33181381e-01 3.49006150e-03 2.07566842e-03
25 3.29543918e-01 2.99008284e-03 4.87699639e-03
26 3.34050059e-01 2.47276598e-03 4.39483998e-03
27 3.31448138e-01 2.90412200e-03 6.56166393e-03
28 3.22497904e-01 3.07739107e-03 4.96865204e-03
29 3.19725782e-01 3.29381484e-03 3.95258423e-03
30 3.08716804e-01 4.04701242e-03 4.78878198e-03
31 2.99278438e-01 3.58936959e-03 3.47637432e-03
32 2.92862028e-01 2.59331870e-03 2.73694890e-03
33 2.89141357e-01 2.07635155e-03 2.34947028e-03
34 2.74965674e-01 2.19383161e-03 2.05503730e-03
35 2.66356945e-01 2.05264986e-03 1.54765998e-03
36 2.68397689e-01 1.77021394e-03 1.88114168e-03
37 2.73295641e-01 1.44443812e-03 2.32174061e-03
38 2.62889028e-01 1.41363568e-03 3.60306352e-03
39 2.49960721e-01 1.96328107e-03 3.82351060e-03
40 2.58423597e-01 3.42782144e-03 3.93130165e-03
41 2.47988477e-01 3.02076386e-03 4.33460576e-03
42 2.49540359e-01 3.17325210e-03 4.68568970e-03
43 2.46069789e-01 4.68358491e-03 4.34479211e-03
44 2.46376902e-01 5.22964355e-03 4.09601117e-03
45 2.37794936e-01 4.87197796e-03 3.92410299e-03
46 2.42525429e-01 4.31538653e-03 3.74130043e-03
47 2.32854322e-01 4.73538926e-03 3.92921316e-03
48 2.33725280e-01 4.79623023e-03 4.62537445e-03
49 2.28147656e-01 3.51621746e-03 4.89531085e-03
50 2.27381915e-01 3.05479788e-03 5.24571165e-03
51 2.20835567e-01 3.29885515e-03 5.81466034e-03
52 2.22246140e-01 3.55481193e-03 6.38409378e-03
53 2.19220117e-01 3.53257637e-03 6.16469141e-03
54 2.18465567e-01 3.79289128e-03 6.02272246e-03
55 2.11599469e-01 3.65255587e-03 6.13499153e-03
56 2.14558691e-01 3.66425305e-03 5.85603481e-03
57 2.08288595e-01 4.28947574e-03 5.50048845e-03
58 2.03650251e-01 4.78626881e-03 5.20620076e-03
59 2.06289187e-01 4.86294134e-03 4.84805042e-03
60 2.02781484e-01 5.07178577e-03 4.80935629e-03
61 2.02548191e-01 4.98284027e-03 5.09886257e-03
62 2.03135997e-01 4.74625640e-03 5.29921101e-03
63 1.99894652e-01 4.98706521e-03 5.60231972e-03
64 1.99508816e-01 5.10780560e-03 5.80618577e-03
65 1.97208613e-01 5.16868429e-03 6.03831187e-03
66 1.99879795e-01 5.06374333e-03 5.84383868e-03
67 1.97235137e-01 5.27981529e-03 6.41258620e-03
68 1.93288177e-01 5.55709656e-03 6.32038899e-03
69 1.97490752e-01 5.49587468e-03 6.22226298e-03
70 1.94812149e-01 6.18377328e-03 6.71420945e-03
71 1.92613393e-01 5.86511567e-03 6.43360615e-03
72 1.89495474e-01 6.70982059e-03 6.73385803e-03
73 1.88119680e-01 6.80779014e-03 7.20553938e-03
74 1.93865344e-01 6.57126214e-03 7.24299019e-03
75 1.88420534e-01 7.81762414e-03 7.68279145e-03
76 1.92832410e-01 6.46454096e-03 7.67093524e-03
77 1.99518710e-01 7.38042220e-03 8.55736528e-03
78 1.92181259e-01 7.01706391e-03 8.07289686e-03
79 1.86861396e-01 7.10276468e-03 7.83320889e-03
80 1.93015069e-01 7.29621062e-03 7.78472982e-03
81 1.85700268e-01 6.88862335e-03 7.91487191e-03
82 1.95940197e-01 7.05308327e-03 8.59495346e-03
83 1.89594030e-01 6.37464132e-03 7.92034343e-03
84 1.87253326e-01 7.01822666e-03 8.10118765e-03
85 1.96202308e-01 7.53108086e-03 8.97244923e-03
86 1.82498515e-01 6.50495663e-03 8.66350532e-03
87 1.89158767e-01 6.36329129e-03 9.26856138e-03
88 1.85656980e-01 6.99107023e-03 9.42927040e-03
89 1.81652695e-01 6.92731701e-03 9.11662728e-03
90 1.90795898e-01 6.68476988e-03 8.81295651e-03
91 1.86164856e-01 5.75330667e-03 9.18233395e-03
92 1.89634740e-01 7.85818137e-03 1.05116181e-02
93 1.81676283e-01 6.90869708e-03 9.48017184e-03
94 1.93543181e-01 5.22906426e-03 9.30171646e-03
95 1.81631595e-01 6.45144843e-03 9.72506590e-03
96 1.95405692e-01 6.92944974e-03 1.05724242e-02
97 1.80041224e-01 6.24550367e-03 1.00722164e-02
98 1.94451287e-01 5.70916384e-03 9.31730028e-03
99 1.82136655e-01 5.85000450e-03 9.58049111e-03
100 1.89152658e-01 6.79490995e-03 1.05626583e-02
101 1.79182172e-01 5.79545507e-03 1.02942530e-02
102 1.89581096e-01 5.06995618e-03 9.24277492e-03
103 1.77970499e-01 5.97826811e-03 9.61252488e-03
104 1.85124457e-01 6.08540373e-03 1.03848642e-02
105 1.75767526e-01 5.76853845e-03 1.02163600e-02
106 1.85018912e-01 6.10019080e-03 1.01724807e-02
107 1.80036217e-01 5.52909449e-03 1.03927469e-02
108 1.82366326e-01 6.21957565e-03 1.07820034e-02
109 1.76479727e-01 6.14511222e-03 1.05576972e-02
110 1.82226866e-01 6.15742151e-03 1.04617439e-02
111 1.73732176e-01 5.87416301e-03 1.12240482e-02
112 1.77529618e-01 6.73957821e-03 1.21411569e-02
113 1.73266083e-01 6.06587296e-03 1.12639023e-02
114 1.79738760e-01 6.68950286e-03 1.14022745e-02
115 1.73325568e-01 6.99300878e-03 1.14940600e-02
116 1.72355652e-01 7.16360193e-03 1.24473749e-02
117 1.75549328e-01 6.36415184e-03 1.17335990e-02
118 1.76261902e-01 7.05175428e-03 1.15841748e-02
119 1.71954393e-01 6.48196461e-03 1.18138576e-02
120 1.74087301e-01 6.80637220e-03 1.24413837e-02
121 1.69764593e-01 6.28090743e-03 1.22480839e-02
122 1.75881326e-01 5.92825562e-03 1.18398089e-02
123 1.78309664e-01 6.96744770e-03 1.25278281e-02
124 1.78658620e-01 6.24232180e-03 1.21811600e-02
125 1.72122434e-01 6.64357468e-03 1.19581064e-02
126 1.72996312e-01 6.91116415e-03 1.19593395e-02
127 1.78571850e-01 5.17432252e-03 1.17899915e-02
128 1.73024446e-01 6.21568039e-03 1.27871642e-02
129 1.68477133e-01 6.20357227e-03 1.30661307e-02
130 1.73713848e-01 6.41465001e-03 1.18468385e-02
131 1.67685986e-01 6.62886351e-03 1.33550931e-02
132 1.67931974e-01 6.71705417e-03 1.35069843e-02
133 1.67514205e-01 6.48262538e-03 1.36022782e-02
134 1.65435806e-01 6.70938659e-03 1.39706312e-02
135 1.66250080e-01 6.87666424e-03 1.37644960e-02
136 1.68564767e-01 6.55673072e-03 1.34520382e-02
137 1.66901872e-01 6.48466544e-03 1.39410393e-02
138 1.66352034e-01 6.91391714e-03 1.40912570e-02
139 1.66320860e-01 6.79261703e-03 1.40122529e-02
140 1.65871546e-01 8.14806391e-03 1.37400255e-02
141 1.68303862e-01 6.86767884e-03 1.39110945e-02
142 1.65264949e-01 6.59617782e-03 1.37749994e-02
143 1.63632542e-01 6.49395725e-03 1.40477791e-02
144 1.67854235e-01 6.42947853e-03 1.43638141e-02
145 1.67226970e-01 6.36899052e-03 1.38600264e-02
146 1.68610215e-01 6.20212033e-03 1.37274386e-02
147 1.63694128e-01 6.31796941e-03 1.36868954e-02
148 1.72007591e-01 6.67515304e-03 1.47598721e-02
149 1.67777151e-01 6.37068413e-03 1.38884699e-02
150 1.67257369e-01 6.69474807e-03 1.45176528e-02
151 1.67781085e-01 7.30649102e-03 1.40340608e-02
152 1.68155283e-01 6.45141117e-03 1.43872239e-02
153 1.67984053e-01 6.84754457e-03 1.50643606e-02
154 1.65029824e-01 6.47459272e-03 1.49104130e-02
155 1.63095608e-01 6.45803474e-03 1.47411050e-02
156 1.64386034e-01 7.06759421e-03 1.50320977e-02
157 1.63539782e-01 6.66417088e-03 1.47089884e-02
158 1.65475011e-01 6.85441028e-03 1.48873068e-02
159 1.63435072e-01 6.58816891e-03 1.53073305e-02
160 1.61310107e-01 7.34139793e-03 1.56781729e-02
161 1.62623301e-01 7.07747415e-03 1.56120099e-02
162 1.59832314e-01 6.90909568e-03 1.50599265e-02
163 1.59896880e-01 6.45044167e-03 1.54358065e-02
164 1.58637509e-01 6.62325695e-03 1.59096718e-02
165 1.59047842e-01 6.30468875e-03 1.56146912e-02
166 1.58558249e-01 6.35025743e-03 1.50993895e-02
167 1.61185771e-01 6.79540355e-03 1.49811003e-02
168 1.58395261e-01 6.65522506e-03 1.56464800e-02
169 1.59392267e-01 6.13641925e-03 1.57311335e-02
170 1.62110269e-01 6.54052664e-03 1.55538758e-02
171 1.63787857e-01 6.23196457e-03 1.53188463e-02
172 1.58455774e-01 6.75905123e-03 1.63313840e-02
173 1.58878952e-01 6.77991752e-03 1.59081761e-02
174 1.59546211e-01 6.94676815e-03 1.63627695e-02
175 1.61736473e-01 7.41340360e-03 1.60111487e-02
176 1.59742638e-01 6.20325794e-03 1.64578296e-02
177 1.60042718e-01 7.21749943e-03 1.60096996e-02
178 1.60525694e-01 7.01103779e-03 1.65684819e-02
179 1.56990021e-01 6.45519607e-03 1.71993636e-02
180 1.57547906e-01 6.85062679e-03 1.68341585e-02
181 1.59154415e-01 6.83922600e-03 1.61784012e-02
182 1.60824716e-01 6.40524831e-03 1.62233431e-02
183 1.60509527e-01 6.80546649e-03 1.65985432e-02
184 1.58890426e-01 5.86757762e-03 1.68694798e-02
185 1.56997770e-01 6.28202874e-03 1.75333060e-02
186 1.59278959e-01 6.46249577e-03 1.63540617e-02
187 1.56048924e-01 6.19837735e-03 1.64018832e-02
188 1.56970277e-01 6.60806429e-03 1.65773928e-02
189 1.60146117e-01 5.91036724e-03 1.62551422e-02
190 1.59593701e-01 6.50418364e-03 1.72672495e-02
191 1.58168510e-01 6.79831067e-03 1.70598179e-02
192 1.54789001e-01 6.63501909e-03 1.66691542e-02
193 1.58622727e-01 7.39412382e-03 1.67359915e-02
194 1.63079321e-01 5.77266840e-03 1.62579827e-02
195 1.59408286e-01 6.81699626e-03 1.67806819e-02
196 1.57836258e-01 6.27253763e-03 1.66386683e-02
197 1.56613588e-01 6.12624083e-03 1.61313601e-02
198 1.59607559e-01 6.48663659e-03 1.69580802e-02
199 1.56648070e-01 6.36696769e-03 1.72182135e-02
200 1.56590685e-01 6.26867265e-03 1.68474074e-02
201 1.57141849e-01 6.44678529e-03 1.68663356e-02
202 1.58699483e-01 6.60208613e-03 1.67715698e-02
203 1.59847051e-01 6.88667223e-03 1.69701260e-02
204 1.53632700e-01 5.97090460e-03 1.73560418e-02
205 1.61156923e-01 6.32912107e-03 1.67652294e-02
206 1.58924565e-01 6.73699426e-03 1.70487426e-02
207 1.56264961e-01 6.33187266e-03 1.63413566e-02
208 1.54937044e-01 5.81644895e-03 1.72943231e-02
209 1.55017853e-01 6.26403140e-03 1.74392127e-02
210 1.54936418e-01 6.26122020e-03 1.71612445e-02
211 1.55287683e-01 6.26879605e-03 1.67283453e-02
212 1.54638126e-01 6.64305361e-03 1.87031925e-02
213 1.57663733e-01 5.96054550e-03 1.81192737e-02
214 1.50223404e-01 6.13924349e-03 1.77727640e-02
215 1.54694214e-01 6.33551693e-03 1.82350315e-02
216 1.51542753e-01 6.15580054e-03 1.75502747e-02
217 1.51853323e-01 5.76847792e-03 1.76987536e-02
218 1.52208790e-01 6.12347759e-03 1.85747389e-02
219 1.49499625e-01 5.88746276e-03 1.82552990e-02
220 1.50832817e-01 6.34050742e-03 1.78610664e-02
221 1.50940955e-01 5.84098184e-03 1.86709464e-02
222 1.51279852e-01 6.01387955e-03 1.83168892e-02
223 1.48531497e-01 6.10227650e-03 1.86841693e-02
224 1.50733218e-01 6.16583321e-03 1.86104774e-02
225 1.50236368e-01 6.06130715e-03 1.91316511e-02
226 1.48891568e-01 6.65321667e-03 1.89545359e-02
227 1.49575219e-01 6.46234956e-03 1.83189958e-02
228 1.48599222e-01 6.27419585e-03 1.86714921e-02
229 1.45439059e-01 6.23053126e-03 1.91023182e-02
230 1.47228494e-01 6.18317910e-03 1.88972391e-02
231 1.47940725e-01 6.06680848e-03 1.93834100e-02
232 1.44834846e-01 6.30962290e-03 1.95163637e-02
233 1.45920143e-01 6.16233237e-03 1.89601053e-02
234 1.45629749e-01 6.02728035e-03 2.00763084e-02
235 1.44299954e-01 6.49269111e-03 1.98935494e-02
236 1.42320171e-01 6.35943934e-03 2.09981576e-02
237 1.39322415e-01 6.25171559e-03 2.03583203e-02
238 1.42573625e-01 6.31413562e-03 2.03718320e-02
239 1.41713768e-01 6.42799214e-03 2.08145007e-02
240 1.42550692e-01 5.91950584e-03 2.11346261e-02
241 1.45057172e-01 5.41905453e-03 2.08316632e-02
242 1.39300212e-01 5.90229593e-03 2.12811958e-02
243 1.39010459e-01 6.23087212e-03 2.24167798e-02
244 1.40111953e-01 5.55185322e-03 2.15349663e-02
245 1.40055388e-01 5.36940061e-03 2.17923187e-02
246 1.37080014e-01 5.88006619e-03 2.24068668e-02
247 1.36958987e-01 5.59876487e-03 2.20852997e-02
248 1.34873137e-01 5.57402708e-03 2.28075832e-02
249 1.35757253e-01 5.28841326e-03 2.28872430e-02
250 1.39100403e-01 5.52415848e-03 2.37619169e-02
251 1.37014598e-01 5.23098325e-03 2.41168849e-02
252 1.35789752e-01 4.79190983e-03 2.32543666e-02
253 1.36150867e-01 5.24657639e-03 2.25809012e-02
254 1.35615438e-01 5.52875735e-03 2.33073421e-02
255 1.33146599e-01 5.07212523e-03 2.34242678e-02
256 1.35602221e-01 5.88680943e-03 2.42276639e-02
257 1.32007658e-01 5.30006224e-03 2.43509393e-02
258 1.37079641e-01 5.27982507e-03 2.34315284e-02
259 1.35298789e-01 5.72331669e-03 2.40023080e-02
260 1.39390051e-01 4.59458306e-03 2.42381059e-02
261 1.32452890e-01 4.38758684e-03 2.48325560e-02
262 1.35852367e-01 4.93214326e-03 2.55748816e-02
263 1.34510577e-01 4.49907780e-03 2.48235427e-02
264 1.31540164e-01 5.00350958e-03 2.54831314e-02
265 1.29885226e-01 4.89111710e-03 2.73101963e-02
266 1.28759146e-01 4.34018346e-03 2.60486472e-02
267 1.29332557e-01 4.67548054e-03 2.56841052e-02
268 1.25086129e-01 4.26233513e-03 2.59310436e-02
269 1.26852676e-01 4.27867332e-03 2.60309670e-02
270 1.25311419e-01 4.25110059e-03 2.56141126e-02
271 1.26739472e-01 4.22424497e-03 2.62343772e-02
272 1.27475217e-01 4.36486676e-03 2.61287838e-02
273 1.24227777e-01 4.33557993e-03 2.57529970e-02
274 1.26388028e-01 4.65944642e-03 2.57795025e-02
275 1.25654697e-01 3.96842696e-03 2.53116786e-02
276 1.27130017e-01 3.89362220e-03 2.61313077e-02
277 1.23032130e-01 4.12392197e-03 2.62726396e-02
278 1.25932708e-01 3.83447832e-03 2.69584656e-02
279 1.22247957e-01 4.03495319e-03 2.73951516e-02
280 1.23211145e-01 3.58962081e-03 2.79334392e-02
281 1.25526011e-01 3.90191120e-03 2.84464136e-02
282 1.21965736e-01 4.43682633e-03 2.89086979e-02
283 1.19020417e-01 3.95735539e-03 2.83973999e-02
284 1.25310868e-01 3.65796359e-03 2.85548195e-02
285 1.22177824e-01 4.24322253e-03 2.87990998e-02
286 1.19004652e-01 4.41493653e-03 2.91160606e-02
287 1.21861733e-01 3.53691191e-03 2.79775150e-02
288 1.17871366e-01 3.60564049e-03 2.99077034e-02
289 1.20725043e-01 3.82896559e-03 2.96266377e-02
290 1.18384488e-01 3.56959389e-03 2.96040624e-02
291 1.19401433e-01 3.68369604e-03 2.96709966e-02
292 1.14954822e-01 4.16126428e-03 2.97195110e-02
293 1.17952108e-01 4.22929879e-03 2.97577959e-02
294 1.16438985e-01 3.53635731e-03 2.92703994e-02
295 1.20421976e-01 3.62809608e-03 2.96450816e-02
296 1.15660958e-01 2.92658061e-03 2.92737540e-02
297 1.17768779e-01 3.15073505e-03 3.00370138e-02
298 1.13047123e-01 3.25327273e-03 3.05040255e-02
299 1.16190217e-01 3.48431198e-03 3.07588726e-02
300 1.14149056e-01 3.05496901e-03 3.08449604e-02
301 1.13679707e-01 3.15016462e-03 3.07535827e-02
302 1.15251556e-01 3.06353858e-03 3.03666480e-02
303 1.13318309e-01 2.64233700e-03 3.04577574e-02
304 1.11611374e-01 2.74027092e-03 2.97837090e-02
305 1.11816540e-01 3.20293522e-03 3.00990976e-02
306 1.13480411e-01 3.06346943e-03 3.03157717e-02
307 1.13655135e-01 2.95595708e-03 3.12596820e-02
308 1.14255011e-01 2.94362009e-03 3.13480869e-02
309 1.12171285e-01 2.84991041e-03 3.10904700e-02
310 1.10182077e-01 2.55481782e-03 3.14341709e-02
311 1.08291961e-01 2.76981550e-03 3.19244340e-02
312 1.09712422e-01 2.86171399e-03 3.23779397e-02
313 1.08113937e-01 3.18572461e-03 3.25633064e-02
314 1.10283151e-01 2.60630832e-03 3.21648829e-02
315 1.08700618e-01 2.73615238e-03 3.22205350e-02
316 1.09320283e-01 2.79028714e-03 3.30751315e-02
317 1.07050680e-01 2.42400123e-03 3.23712938e-02
318 1.10000432e-01 2.60311598e-03 3.25680785e-02
319 1.07847437e-01 2.53330707e-03 3.22233513e-02
320 1.06081650e-01 2.66196299e-03 3.22082043e-02
321 1.08830750e-01 2.80947797e-03 3.30019556e-02
322 1.07294261e-01 2.59821210e-03 3.26687545e-02
323 1.07569560e-01 2.56085698e-03 3.22136953e-02
324 1.06940001e-01 2.57082330e-03 3.28348391e-02
325 1.07602879e-01 2.21701898e-03 3.35800275e-02
326 1.07974671e-01 2.57528084e-03 3.29702534e-02
327 1.05405800e-01 2.51283194e-03 3.28634456e-02
328 1.05027728e-01 2.47590546e-03 3.31613459e-02
329 1.07744783e-01 2.44827755e-03 3.27265114e-02
330 1.04325049e-01 2.42620148e-03 3.30233388e-02
331 1.07847750e-01 2.66340282e-03 3.30156274e-02
332 1.05666630e-01 2.57253880e-03 3.39809768e-02
333 1.04722552e-01 2.23718537e-03 3.31122875e-02
334 1.03558049e-01 2.24531814e-03 3.34357657e-02
335 1.04315899e-01 2.10519345e-03 3.36744264e-02
336 1.04014128e-01 2.21952097e-03 3.35465558e-02
337 1.03359573e-01 2.33152462e-03 3.36603373e-02
338 1.04773559e-01 2.07524188e-03 3.22697200e-02
339 1.03373796e-01 2.05762521e-03 3.34900692e-02
340 1.05132386e-01 2.25256360e-03 3.39551419e-02
341 1.06364273e-01 2.15156609e-03 3.39844301e-02
342 1.03053674e-01 1.92103197e-03 3.34246345e-02
343 1.03911117e-01 2.07988778e-03 3.36824097e-02
344 1.04885675e-01 2.03896710e-03 3.35530527e-02
345 1.03505269e-01 2.19742907e-03 3.44472900e-02
346 1.02137923e-01 2.15177331e-03 3.46757770e-02
347 1.02406964e-01 2.15405133e-03 3.43862996e-02
348 1.03671566e-01 2.10674573e-03 3.36596258e-02
349 1.01863779e-01 1.98657624e-03 3.44230868e-02
350 1.00848563e-01 2.07088632e-03 3.54278982e-02
351 1.00356773e-01 2.27909302e-03 3.45751122e-02
352 1.00828499e-01 2.24660244e-03 3.46727148e-02
353 1.00992799e-01 2.12468975e-03 3.48544568e-02
354 1.00586273e-01 2.16935016e-03 3.50551456e-02
355 1.00399889e-01 2.03253794e-03 3.48528810e-02
356 1.01988211e-01 2.06459407e-03 3.46409790e-02
357 1.02090932e-01 1.98474224e-03 3.56895439e-02
358 1.01536438e-01 2.02926528e-03 3.49991098e-02
359 9.92906615e-02 2.00129882e-03 3.54854129e-02
360 9.87304896e-02 1.92409486e-03 3.48781422e-02
361 1.00950636e-01 1.96380564e-03 3.51096429e-02
362 1.00359902e-01 1.99347246e-03 3.45690772e-02
363 1.00753404e-01 1.83818152e-03 3.50205749e-02
364 1.00140423e-01 1.93956040e-03 3.52519676e-02
365 9.92586315e-02 1.88999949e-03 3.52660157e-02
366 9.86583903e-02 2.06911843e-03 3.46793160e-02
367 1.00217640e-01 1.76585629e-03 3.51262242e-02
368 9.73670557e-02 1.79995550e-03 3.52914296e-02
369 1.00121044e-01 2.00831378e-03 3.48599963e-02
370 9.88230258e-02 1.89644960e-03 3.47538739e-02
371 1.00335136e-01 2.00274633e-03 3.49367559e-02
372 9.81149599e-02 2.04935484e-03 3.60464454e-02
373 9.77190733e-02 1.81905949e-03 3.60399857e-02
374 9.87095907e-02 1.76796666e-03 3.65430899e-02
375 9.76078287e-02 1.91377569e-03 3.60504836e-02
376 9.71749872e-02 2.21717940e-03 3.59116979e-02
377 9.81421918e-02 1.90534978e-03 3.51657756e-02
378 9.82597247e-02 1.79624022e-03 3.64594795e-02
379 9.55406874e-02 1.84901466e-03 3.56811509e-02
380 9.75583419e-02 1.82356406e-03 3.65970992e-02
381 9.71083492e-02 1.86651561e-03 3.64795066e-02
382 9.72678363e-02 1.90807437e-03 3.55140045e-02
383 9.82002094e-02 1.76954584e-03 3.56474854e-02
384 9.71256346e-02 1.61332346e-03 3.60463485e-02
385 9.65171605e-02 1.56519539e-03 3.67668122e-02
386 9.64042172e-02 1.66377320e-03 3.68631370e-02
387 9.64889377e-02 1.80292269e-03 3.69461365e-02
388 9.68394652e-02 1.89349067e-03 3.59923281e-02
389 9.63599309e-02 1.87900313e-03 3.54466960e-02
390 9.72632840e-02 1.66737009e-03 3.70476134e-02
391 9.57709029e-02 1.75632536e-03 3.68663222e-02
392 9.57988054e-02 1.78533932e-03 3.61208618e-02
393 9.56855565e-02 1.94467814e-03 3.63290347e-02
394 9.58017781e-02 1.72050938e-03 3.70542295e-02
395 9.65936854e-02 1.80538918e-03 3.69854420e-02
396 9.48145911e-02 1.84099376e-03 3.64604779e-02
397 9.48960111e-02 1.77005702e-03 3.71704549e-02
398 9.45437029e-02 1.86625775e-03 3.71228196e-02
399 9.50182378e-02 1.86514738e-03 3.62177305e-02
400 9.41625163e-02 1.73380121e-03 3.68967429e-02
401 9.43467468e-02 1.85285439e-03 3.71716470e-02
402 9.61686894e-02 1.75553397e-03 3.70147750e-02
403 9.42841470e-02 1.60878571e-03 3.83419059e-02
404 9.48144495e-02 1.73551193e-03 3.75931710e-02
405 9.44727808e-02 1.69408449e-03 3.66828702e-02
406 9.50651392e-02 1.83206052e-03 3.71219330e-02
407 9.37449038e-02 1.52086047e-03 3.71482596e-02
408 9.38300937e-02 1.74738932e-03 3.73907983e-02
409 9.52349007e-02 1.73397805e-03 3.79000232e-02
410 9.42429751e-02 1.76348886e-03 3.72219905e-02
411 9.46011841e-02 1.74038787e-03 3.75203639e-02
412 9.42816287e-02 1.66759221e-03 3.74647602e-02
413 9.38245803e-02 1.62643229e-03 3.67082693e-02
414 9.40964967e-02 1.61213404e-03 3.69541720e-02
415 9.26423818e-02 1.62938377e-03 3.67596373e-02
416 9.37337428e-02 1.75782805e-03 3.72088440e-02
417 9.31899771e-02 1.70756259e-03 3.65904011e-02
418 9.40337107e-02 1.77107810e-03 3.69475149e-02
419 9.43727493e-02 1.72636053e-03 3.76743376e-02
420 9.13817361e-02 1.59291690e-03 3.76149304e-02
421 9.37961936e-02 1.60706835e-03 3.70322168e-02
422 9.28417444e-02 1.69450196e-03 3.66376154e-02
423 9.28938612e-02 1.74695649e-03 3.75336967e-02
424 9.33289230e-02 1.68920262e-03 3.77578475e-02
425 9.23600718e-02 1.68701576e-03 3.77135128e-02
426 9.28028077e-02 1.73150271e-03 3.79871167e-02
427 9.37160775e-02 1.53772999e-03 3.67486663e-02
428 9.17026028e-02 1.52011274e-03 3.81365083e-02
429 9.11350995e-02 1.75937649e-03 3.73921432e-02
430 9.18478221e-02 1.59875699e-03 3.79629806e-02
431 9.18560475e-02 1.61676365e-03 3.79592814e-02
432 9.29682329e-02 1.80773030e-03 3.80739048e-02
433 9.10264030e-02 1.60248124e-03 3.76332253e-02
434 9.27953124e-02 1.60832703e-03 3.80913094e-02
435 9.28391367e-02 1.56390993e-03 3.80092710e-02
436 9.21772495e-02 1.65861042e-03 3.69967669e-02
437 9.24384519e-02 1.62237650e-03 3.73103060e-02
438 9.19313878e-02 1.60326355e-03 3.74136716e-02
439 9.15163979e-02 1.56610948e-03 3.74902561e-02
440 9.16399211e-02 1.54427486e-03 3.78520228e-02
441 9.12154838e-02 1.52943679e-03 3.75993289e-02
442 9.32617635e-02 1.61732628e-03 3.85476723e-02
443 9.22021121e-02 1.61877391e-03 3.81361879e-02
444 9.07388702e-02 1.65409467e-03 3.78723256e-02
445 9.05371383e-02 1.77654694e-03 3.84014696e-02
446 9.13072750e-02 1.52089482e-03 3.81483100e-02
447 9.17872041e-02 1.46382570e-03 3.83061208e-02
448 9.12297145e-02 1.67319214e-03 3.77119035e-02
449 9.11755413e-02 1.54612679e-03 3.75890471e-02
450 9.01358873e-02 1.64638355e-03 3.80591005e-02
451 9.08437818e-02 1.55210553e-03 3.81654091e-02
452 9.15704221e-02 1.57751853e-03 3.75004411e-02
453 9.18217376e-02 1.48120127e-03 3.82795148e-02
454 9.09715444e-02 1.40333909e-03 3.90535444e-02
455 9.20894817e-02 1.54482538e-03 3.87000367e-02
456 9.00766626e-02 1.62337162e-03 3.83607224e-02
457 8.96809697e-02 1.55905960e-03 3.94435152e-02
458 9.10668373e-02 1.52683293e-03 3.89227830e-02
459 8.86394083e-02 1.41011749e-03 3.88001874e-02
460 8.86730328e-02 1.51596346e-03 3.89174595e-02
461 9.16728526e-02 1.47405546e-03 3.79351079e-02
462 8.92457813e-02 1.42041792e-03 3.88862193e-02
463 8.87546614e-02 1.45182968e-03 3.88505235e-02
464 9.14909467e-02 1.39707909e-03 3.84932570e-02
465 9.06150341e-02 1.44971022e-03 3.86954956e-02
466 9.11363065e-02 1.50738168e-03 3.81369591e-02
467 8.90867636e-02 1.50751963e-03 3.86039391e-02
468 8.93022045e-02 1.44878426e-03 3.85632664e-02
469 8.95848423e-02 1.50630123e-03 3.91773172e-02
470 8.94325823e-02 1.53331156e-03 3.89987864e-02
471 8.93689394e-02 1.53164030e-03 3.86001281e-02
472 8.83775577e-02 1.49408751e-03 3.86191681e-02
473 8.84876996e-02 1.45691715e-03 3.89423668e-02
474 8.85164738e-02 1.46867544e-03 3.93139683e-02
475 8.89008790e-02 1.52806251e-03 3.90112251e-02
476 8.88838917e-02 1.38475548e-03 3.87754850e-02
477 8.88377354e-02 1.41774211e-03 3.84615473e-02
478 9.00903419e-02 1.36771181e-03 3.86134535e-02
479 8.85128602e-02 1.36626675e-03 3.84950787e-02
480 8.87461156e-02 1.35810010e-03 3.86031270e-02
481 8.72564465e-02 1.46346982e-03 3.88559662e-02
482 8.86398777e-02 1.49716844e-03 3.88469920e-02
483 8.80095661e-02 1.56960334e-03 3.87579985e-02
484 8.82451534e-02 1.49997906e-03 3.93619649e-02
485 8.77908841e-02 1.50046893e-03 4.04716469e-02
486 8.79649445e-02 1.37254922e-03 3.97219285e-02
487 8.73693675e-02 1.37033791e-03 3.87823731e-02
488 8.76506940e-02 1.30193960e-03 3.88432965e-02
489 8.80763531e-02 1.38960662e-03 3.96026447e-02
490 8.95726308e-02 1.36012095e-03 3.91390622e-02
491 8.70156363e-02 1.38578424e-03 3.99274155e-02
492 8.72628912e-02 1.24311005e-03 3.98611873e-02
493 8.88393298e-02 1.36725721e-03 3.85719091e-02
494 8.70954543e-02 1.42202573e-03 4.01407778e-02
495 8.64956975e-02 1.45139464e-03 3.90129462e-02
496 8.74789432e-02 1.40296435e-03 3.88544910e-02
497 8.87257457e-02 1.42745883e-03 3.84676494e-02
498 8.76276791e-02 1.39919156e-03 3.94830778e-02
499 8.65415633e-02 1.45825080e-03 3.98691446e-02
500 8.78080428e-02 1.33787887e-03 3.84804904e-02
